/*--------------------------------*- C++ -*----------------------------------*\
| =========                 |                                                 |
| \\      /  F ield         | OpenFOAM: The Open Source CFD Toolbox           |
|  \\    /   O peration     | Version:  v2006                                 |
|   \\  /    A nd           | Website:  www.openfoam.com                      |
|    \\/     M anipulation  |                                                 |
\*---------------------------------------------------------------------------*/
FoamFile
{
    version     2.0;
    format      ascii;
    class       scalarListList;
    location    "constant/airOutside";
    object      F;
}
// * * * * * * * * * * * * * * * * * * * * * * * * * * * * * * * * * * * * * //


208
(

35
(
4.0748535e-05
6.4981124e-05
4.8787378e-05
2.6539053e-05
3.2786132e-05
2.7774225e-05
1.6818605e-05
1.107608e-05
7.3685632e-06
1.4187107e-05
8.1514564e-06
1.3629813e-05
0.00022798651
0.00010793751
6.1973337e-05
3.9615719e-05
0.00035477571
0.00023579606
0.00013845384
0.00022999561
0.00023402865
0.00024313959
9.6434845e-05
7.9486568e-05
5.1951183e-05
5.1985064e-05
2.1559934e-05
0.00048086121
0.00049760519
0.00018485927
0.00014060855
7.994027e-05
6.5434818e-05
5.2711075e-05
6.0239883e-05
)


35
(
5.7650879e-05
9.5656177e-05
7.4437169e-05
2.0030341e-05
2.3734779e-05
1.9582213e-05
1.1643172e-05
7.5747646e-06
4.924829e-06
9.3010477e-06
5.2956741e-06
8.7738073e-06
0.0003240149
0.00016492328
4.4931958e-05
2.6644336e-05
0.00048980386
0.00034019442
0.00020585352
0.00034530682
0.000179777
0.00017827823
6.8586898e-05
5.4829923e-05
3.5064468e-05
3.4396526e-05
1.3987976e-05
0.0006824795
0.00074189742
0.00014011668
9.9103076e-05
5.4557971e-05
4.351597e-05
3.4478957e-05
3.8811984e-05
)


36
(
4.8001331e-34
6.7349981e-05
0.00011963338
0.00010014607
6.542039e-06
7.6306288e-06
6.235222e-06
3.6831332e-06
2.3858136e-06
1.5390271e-06
2.8882245e-06
1.6395786e-06
2.7085195e-06
0.00038316464
0.00022365716
1.445797e-05
8.3453844e-06
0.00056087673
0.00041590299
0.00026379872
0.0004557183
5.9175673e-05
5.7671913e-05
2.1923283e-05
1.7329455e-05
1.1000225e-05
1.0716075e-05
4.3296199e-06
0.00082335541
0.00097672398
4.5953595e-05
3.1593432e-05
1.7189394e-05
1.3585711e-05
1.0703636e-05
1.1989229e-05
)


11
(
7.9212787e-05
0.00015132728
0.00013742188
0.00045598896
0.00030897235
0.00064116757
0.00051102206
0.00034209599
0.00060855853
0.00099282377
0.0012975838
)


13
(
1.0653276e-34
1.3822071e-35
6.6195601e-05
0.0001361958
0.00013722553
0.00038787907
0.00031332255
0.00053493249
0.0004538952
0.00031927651
0.00059739786
0.0008822031
0.0012872957
)


37
(
4.0236824e-35
5.1616655e-05
0.00011310339
0.00012582643
1.6741304e-05
1.1142431e-05
1.2068768e-05
6.1313849e-06
4.304905e-06
3.9159093e-06
0.00030719149
0.00029148685
5.7485947e-05
4.1006538e-05
3.296656e-05
1.3037266e-05
1.6723669e-05
1.2511942e-05
1.1880073e-05
0.00041721584
0.00037315156
0.00027411452
0.00053838049
8.7121262e-05
0.00011572508
6.6790948e-05
4.8284824e-05
2.2686415e-05
0.00072695335
0.001175681
0.00016019561
5.1829158e-05
3.4025865e-05
3.1836346e-05
2.0618763e-05
4.2377913e-34
8.5018499e-36
)


40
(
9.6178603e-35
3.4575095e-37
3.8164841e-05
8.6287123e-05
0.00010150195
2.6950369e-05
1.8411814e-05
2.0391857e-05
1.0493936e-05
7.5149927e-06
6.9498195e-06
0.00022922606
0.00023749118
9.1577313e-05
6.7324141e-05
5.5336207e-05
2.2559114e-05
2.9274031e-05
2.2091693e-05
2.1122159e-05
0.00031055905
0.00028455805
0.00021325764
0.00043199948
0.00013774377
0.00019017965
0.00011186874
8.2880486e-05
3.8997943e-05
0.00055808393
0.00095574854
0.00025597983
8.7867291e-05
5.9218385e-05
5.6481223e-05
3.6172046e-05
1.78516e-34
1.6174985e-35
6.0236336e-36
6.1433001e-36
)


35
(
2.67548e-35
2.346753e-05
5.4016436e-05
6.6171508e-05
3.2789004e-05
2.3552864e-05
2.720709e-05
1.4343222e-05
1.065266e-05
1.0146841e-05
0.00014204519
0.00015648429
0.00010920588
8.5023274e-05
7.2902469e-05
3.1461947e-05
4.1688228e-05
3.195233e-05
3.0928175e-05
0.00019402438
0.00017956463
0.00013567157
0.00028282524
0.0001618294
0.00024035884
0.0001466702
0.0001137777
5.371733e-05
0.00035697565
0.00063692798
0.00030656389
0.00011779464
8.3393818e-05
8.2344917e-05
5.1687234e-05
)


40
(
4.6668579e-37
1.0122697e-37
3.2685476e-37
5.8811081e-05
8.875967e-05
6.2598308e-05
4.5357966e-05
5.4003092e-05
4.4562039e-05
2.648001e-05
1.7212961e-05
1.1143329e-05
2.0915183e-05
1.1869223e-05
1.9582932e-05
0.00032357371
0.00013650888
0.00010195726
6.028562e-05
0.00050165859
0.00032129531
0.000183829
0.0002937026
0.0004023479
0.0003995625
0.00015501265
0.00012414486
7.9045398e-05
7.7372009e-05
3.1277407e-05
0.0006465448
0.00062787429
0.00030950505
0.00022256984
0.00012260782
9.7582414e-05
7.707139e-05
8.6303002e-05
2.5144442e-35
5.1266056e-36
)


37
(
2.7599383e-34
0.0001046245
0.00015807526
0.0001101725
5.1409063e-05
5.6566319e-05
4.4387851e-05
2.5494534e-05
1.6199933e-05
1.0042476e-05
1.8166094e-05
1.0132468e-05
1.6424832e-05
0.00057024684
0.00023776873
0.00010694411
5.4935885e-05
0.0008503354
0.00055709974
0.00032323701
0.00050551718
0.00046802359
0.00042378353
0.00015615674
0.00011836202
7.2276276e-05
6.8273762e-05
2.6603495e-05
0.0010867946
0.0010617071
0.00034599623
0.00021943319
0.00011408606
8.6678319e-05
6.6435925e-05
7.2331672e-05
4.9704354e-36
)


37
(
4.7317552e-34
4.8719801e-35
0.00011381168
0.0001967404
0.00015744809
1.2040719e-05
1.3108623e-05
1.0234506e-05
5.8592192e-06
3.7157598e-06
2.2980924e-06
4.1538152e-06
2.3161569e-06
3.754735e-06
0.00063817771
0.00034620433
2.4839229e-05
1.2589178e-05
0.00091080872
0.00067108875
0.00042344764
0.00070438067
0.00011096931
9.9521514e-05
3.6237628e-05
2.7260968e-05
1.6613174e-05
1.5642167e-05
6.0872444e-06
0.0012925581
0.0014788026
8.2680484e-05
5.1046538e-05
2.6339496e-05
1.9918227e-05
1.5234228e-05
1.6572252e-05
)


38
(
2.0980422e-34
3.8121301e-05
9.03921e-05
0.00011494193
4.7025953e-05
3.1852355e-05
3.4881083e-05
1.7808203e-05
1.255767e-05
1.1425147e-05
0.00023101491
0.00027066861
0.00015978173
0.00011643462
9.4816235e-05
3.7948276e-05
4.8720922e-05
3.6469914e-05
3.4621532e-05
0.00030568043
0.00029302158
0.00022827257
0.00047644443
0.0002396555
0.00032601278
0.00019107081
0.00013954691
6.5830655e-05
0.00056956842
0.0010582195
0.00044006578
0.00014856412
9.8703949e-05
9.2561341e-05
5.9910971e-05
2.9507766e-35
1.2216903e-35
1.9403148e-36
)


37
(
7.0565495e-37
6.6316123e-05
9.4424263e-05
6.2919213e-05
7.2782063e-05
8.6443554e-05
7.0876696e-05
4.1863081e-05
2.7080082e-05
1.7299624e-05
3.1983004e-05
1.800878e-05
2.9443716e-05
0.00035976571
0.00013577032
0.00016272382
9.3800684e-05
0.0005634198
0.000344308
0.00019094882
0.00029592577
0.0006387745
0.00063025956
0.00024511072
0.00019499312
0.00012259818
0.00011879617
4.7291723e-05
0.00069141771
0.00062966459
0.0004833594
0.00034843274
0.00019017811
0.00014955526
0.00011688708
0.00012921301
4.0395983e-34
)


38
(
7.6086087e-34
0.00016953956
0.00025806052
0.0001783047
5.1807031e-05
5.3121719e-05
3.9894715e-05
2.2266785e-05
1.3882081e-05
8.3008582e-06
1.4564012e-05
8.009231e-06
1.2796361e-05
0.00091473345
0.00038032232
0.0001005226
4.5813851e-05
0.0013010326
0.00087935767
0.0005206848
0.00079594157
0.0004814494
0.00040017298
0.00014138692
0.00010238143
6.034717e-05
5.5410203e-05
2.0955535e-05
0.0016539802
0.001637641
0.00034068182
0.00019464792
9.6501176e-05
7.0631946e-05
5.2853545e-05
5.6257523e-05
3.4716386e-34
1.3176764e-35
)


18
(
3.4609678e-34
1.7025824e-34
8.0717789e-35
1.4615154e-36
2.3458541e-35
9.9728949e-36
5.8891663e-36
0.00013353639
0.00028334754
0.00029066373
0.00077693339
0.00065278231
0.0010065504
0.00089723182
0.00065855179
0.0012007993
0.0016576002
0.0024943284
)


37
(
0.00010897772
0.00025632044
0.00030926759
3.4639337e-05
2.0581469e-05
2.012024e-05
9.6371628e-06
6.1636498e-06
5.1688738e-06
0.00064906417
0.00070666377
0.00012369934
7.7156244e-05
5.6354359e-05
1.9430727e-05
2.3531531e-05
1.6885954e-05
1.5498868e-05
0.00081354718
0.00079143714
0.0006266853
0.0012244287
0.00019065058
0.0002112846
0.00011377753
7.3726448e-05
3.4744039e-05
0.0014541906
0.0025713455
0.00032372429
8.2820481e-05
4.8766224e-05
4.1734124e-05
2.8506796e-05
6.6373097e-35
7.4338062e-34
2.8653652e-35
)


17
(
8.3673506e-34
4.0268578e-35
6.3000542e-35
1.8888216e-35
0.00019223823
0.00033704578
0.00026881789
0.0010674372
0.0005827626
0.0014443937
0.0011037648
0.0007158527
0.0011597522
0.0020367932
0.0023693441
3.7770613e-34
2.8922712e-34
)


38
(
7.2929653e-35
7.3306469e-05
0.000177663
0.00022935867
5.9699085e-05
3.7246231e-05
3.7900496e-05
1.8543586e-05
1.222934e-05
1.0503223e-05
0.00044242234
0.00053333904
0.00020890476
0.00013834833
0.00010503077
3.8050951e-05
4.6909494e-05
3.4083876e-05
3.1586082e-05
0.00056144685
0.00055611834
0.00044637988
0.00091432623
0.0003184341
0.00038153837
0.00021184009
0.00014285925
6.7373872e-05
0.0010437067
0.0019738163
0.000557128
0.00015762385
9.6509798e-05
8.4853129e-05
5.7060677e-05
1.8812137e-34
1.1418922e-33
1.9600507e-35
)


35
(
4.3470983e-05
0.00010978784
0.00015546963
9.0296607e-05
5.9399548e-05
6.2920132e-05
3.1432222e-05
2.131284e-05
1.8657346e-05
0.00026600776
0.00036750288
0.00030801169
0.00021746723
0.00017209275
6.549801e-05
8.1927479e-05
6.0150626e-05
5.6168866e-05
0.00033846032
0.00034523934
0.00028450576
0.00061392058
0.00046026548
0.00059677523
0.00034459627
0.00024199557
0.0001147261
0.00065772414
0.0013614256
0.00081896673
0.00026100456
0.00016680211
0.00015022243
9.9687246e-05
1.7238389e-33
)


35
(
1.9165899e-34
3.2984417e-05
8.4653193e-05
0.0001247209
0.00010516665
7.1342204e-05
7.7268855e-05
3.9038074e-05
2.6843055e-05
2.3694457e-05
0.0002028687
0.00029660032
0.00035313986
0.0002586318
0.00020962095
8.1963875e-05
0.00010319863
7.6129526e-05
7.1320579e-05
0.0002581867
0.00026643115
0.00022203864
0.00048916311
0.0005205607
0.00070491134
0.00041713603
0.00029955453
0.00014266768
0.00051017714
0.00109663
0.00093111504
0.00031855234
0.00020865941
0.00019012501
0.00012539581
)


36
(
0.00022806942
0.00029272872
0.00017202905
0.00015301147
0.00015145954
0.00011065242
6.0610531e-05
3.7286473e-05
2.164762e-05
3.6908166e-05
2.0021131e-05
3.1509105e-05
0.0011718705
0.00035517653
0.00028513072
0.00012011158
0.0016684174
0.0010038881
0.00054836333
0.00076646854
0.001399722
0.0011072967
0.00038833197
0.00027461603
0.0001572202
0.00014148342
5.2073378e-05
0.0018501336
0.0015552338
0.00093358447
0.00052124437
0.00025183572
0.00017977628
0.00013199639
0.00013755275
3.0311186e-34
)


13
(
2.3529688e-33
1.7077018e-34
0.00026704886
0.0005843567
0.00059922737
0.0015305837
0.0013051801
0.0018183304
0.0017147085
0.0013270736
0.0022943005
0.0029436289
0.0045021001
)


37
(
8.5751445e-05
0.00010611748
6.2344352e-05
0.00018683488
0.00021907034
0.0001752805
0.00010135997
6.448364e-05
3.9432096e-05
6.9521284e-05
3.8232039e-05
6.0850362e-05
0.00044736497
0.00013095398
0.0004076937
0.00021526666
0.00070070242
0.00038851678
0.00020229551
0.00029135333
0.0015749212
0.0015083585
0.00059231862
0.00046096337
0.00027788988
0.00026118155
9.9297089e-05
0.00076546174
0.000610906
0.001114943
0.00081148567
0.0004302892
0.00032635714
0.00024730503
0.00026340656
4.3318745e-35
4.8548184e-34
)


42
(
0.00018966312
0.00022153294
0.0001225931
0.00025585383
0.00026078153
0.00019114634
0.00010451236
6.4090083e-05
3.6704852e-05
6.1494223e-05
3.3066142e-05
5.150117e-05
0.00095890481
0.00025187124
0.00048637392
0.00020380336
0.0014157749
0.00078316036
0.00040596437
0.0005557422
0.0022334946
0.0018189232
0.00065702814
0.00046761227
0.00026432475
0.00023616359
8.5534358e-05
0.0014694797
0.0011377306
0.001452734
0.00086718157
0.00042030394
0.0002980357
0.00021686773
0.00022307623
4.3213091e-35
2.1918283e-35
1.1738557e-34
1.9555481e-35
9.6611954e-37
1.0408245e-35
7.1503526e-35
)


37
(
0.00081513598
0.00097022618
0.0004992561
0.00020470948
0.00016261054
0.00010477345
5.333149e-05
3.1279034e-05
1.6668165e-05
2.6534399e-05
1.396557e-05
2.1325393e-05
0.0038212065
0.00096078227
0.00030634674
9.4324183e-05
0.0043571844
0.0028287959
0.0016233238
0.0019698046
0.0019400533
0.001163667
0.00037013903
0.00023420855
0.00012301187
0.00010422291
3.6008365e-05
0.0044253261
0.0036889696
0.0010591563
0.00046579025
0.00020183077
0.00013300893
9.2930265e-05
9.2530353e-05
2.7012128e-35
3.639004e-35
)


41
(
2.7062728e-34
7.841094e-34
7.9257404e-34
0.00051517429
0.00080024745
0.00053048073
3.623321e-05
3.146543e-05
2.1368304e-05
1.1203167e-05
6.7001859e-06
3.7041287e-06
6.0808651e-06
3.2438018e-06
5.0226533e-06
0.0026672454
0.0010801467
5.9556403e-05
2.0818496e-05
0.0032180196
0.0024015421
0.0015273707
0.0021371966
0.00034808141
0.00023453279
7.6271293e-05
5.0164139e-05
2.7346793e-05
2.3695638e-05
8.410569e-06
0.0039801811
0.0040882433
0.00021451594
9.953578e-05
4.4726185e-05
3.0332514e-05
2.1603351e-05
2.1929869e-05
3.0571498e-35
1.6351244e-34
6.6373097e-35
)


13
(
1.9114378e-33
0.00062150363
0.0012778506
0.0011042262
0.003358299
0.0022392826
0.0035386059
0.0033433022
0.0026192217
0.003868054
0.0051225568
0.0069681223
3.5468703e-34
)


37
(
4.695582e-34
0.00027241048
0.00074600528
0.00108366
9.34336e-05
4.6571328e-05
3.8952872e-05
1.7167275e-05
9.6783892e-06
7.3049161e-06
0.0016212587
0.0023651786
0.00035537055
0.000177399
0.00011283193
3.2146886e-05
3.6010748e-05
2.4488405e-05
2.1540117e-05
0.0017141558
0.0019707334
0.001847878
0.0035138566
0.00055046644
0.00045340665
0.00022381409
0.00012494809
5.9520825e-05
0.0031879614
0.0067031107
0.00078898578
0.0001478724
7.6013928e-05
5.8185749e-05
4.248521e-05
1.7989652e-34
3.2435774e-34
)


36
(
2.0050717e-34
3.4851739e-35
0.00010581845
0.00028393029
0.00043016393
0.00014200181
8.1925274e-05
7.732465e-05
3.6228783e-05
2.227773e-05
1.7980918e-05
0.00064498458
0.00099159791
0.0005078547
0.00030636985
0.00021763547
7.1379986e-05
8.4168106e-05
5.9258591e-05
5.3526218e-05
0.00075371874
0.00082869963
0.00073516651
0.0015467171
0.00077391848
0.00081418673
0.00043447523
0.000271058
0.00012874782
0.0014746065
0.0032477017
0.0012550557
0.00030717394
0.00017483285
0.00014397463
0.00010072888
)


36
(
4.5846772e-05
0.00013060023
0.00023344154
0.00029058551
0.00018555395
0.00018590066
8.9133549e-05
5.5679457e-05
4.4732214e-05
0.0002854464
0.00055169273
0.00097534754
0.00067020125
0.0005101377
0.00017702521
0.00020889541
0.00014702236
0.00013238932
0.00033548582
0.00038492378
0.00035562175
0.0008168846
0.001408156
0.0017175097
0.00099209446
0.0006505834
0.00031497419
0.00070156839
0.0018007201
0.0023140746
0.0007090199
0.00042598362
0.00035266494
0.00024686014
1.1089339e-34
1.6105919e-34
)


38
(
2.0523088e-35
6.592344e-37
0.00014029336
0.00014792424
7.6168962e-05
0.00051117297
0.00055952246
0.00041505882
0.00022666777
0.00013818581
7.6713895e-05
0.0001233077
6.494833e-05
9.8712257e-05
0.0006913416
0.00015445659
0.0010185899
0.00042615127
0.0010288533
0.0005290061
0.00026212196
0.00034586372
0.0040284007
0.0034710338
0.0013493715
0.00098153613
0.00053920375
0.00047485075
0.00016574459
0.00099027888
0.00070712874
0.002462722
0.0017097196
0.00083949359
0.00058832888
0.00041987804
0.00041932169
2.0310357e-34
)


35
(
0.00065304674
0.00061201459
0.00027816803
0.00063884855
0.00051841278
0.00032955514
0.00016535299
9.5719532e-05
4.9210681e-05
7.5342053e-05
3.8911504e-05
5.8164237e-05
0.0029485116
0.00053424142
0.00096113689
0.00027978091
0.0036566281
0.0019562122
0.00098489419
0.0011592021
0.0055834842
0.0034198855
0.0011262144
0.00070804877
0.00035933788
0.0002980269
9.9337094e-05
0.003212904
0.0022388815
0.0028656788
0.0013656373
0.00058513878
0.0003766197
0.00025728604
0.00024912532
)


11
(
0.0010499018
0.0034463419
0.0056916497
0.0058008153
0.0098249752
0.0043348468
0.006009788
0.0075455776
0.010860671
0.0073255516
0.015890609
)


34
(
9.4088067e-05
0.00028399525
0.00055516394
0.00040779208
0.00022677133
0.00020157699
9.0742851e-05
5.1842783e-05
3.8953917e-05
0.00058471056
0.0012763777
0.0014371888
0.00083610034
0.00056997286
0.00017110728
0.0001917492
0.00013031968
0.00011430833
0.00063931618
0.0007824076
0.00077621475
0.0017511869
0.0021057197
0.0020706339
0.0011047135
0.00064662708
0.00031310194
0.0013444345
0.0036707957
0.0031221445
0.00073860085
0.00039859142
0.00030637259
0.0002238648
)


34
(
2.3783113e-05
6.6839396e-05
0.00011859543
0.00030337217
0.00021261693
0.00022768059
0.00011273702
7.3072334e-05
5.983206e-05
0.000148417
0.00028294705
0.00097339435
0.00074657679
0.00060988273
0.00022847067
0.00027404357
0.00019506681
0.00017690254
0.00017883503
0.00020137431
0.00018263028
0.00042544027
0.0013573358
0.0018836833
0.0011660619
0.00081450227
0.00039949968
0.00037507066
0.00095763669
0.0022899809
0.00085381301
0.00054851646
0.00046720982
0.00032237351
)


43
(
4.4986562e-05
4.9608623e-05
2.6547032e-05
0.00042082333
0.00054225073
0.00044724167
0.00026155246
0.00016673475
9.9578942e-05
0.00016807863
9.0288492e-05
0.00013946833
0.00022727527
5.4631995e-05
0.0009831519
0.00054148455
0.00035458074
0.00018213933
9.0355197e-05
0.00012324451
0.0031856261
0.0032653273
0.0014114203
0.0011466619
0.00067608783
0.00063050297
0.00023025458
0.00035347267
0.00025601496
0.0021070086
0.0018533626
0.0010128079
0.00076656642
0.00057052325
0.00058689459
5.9956492e-34
6.9672581e-35
1.3777627e-35
3.7109725e-36
7.725878e-37
2.1757458e-36
1.0117223e-35
1.1117396e-35
)


11
(
0.0045468558
0.0052925119
0.0024773312
0.016180019
0.0040917475
0.010622819
0.0092136712
0.0070039438
0.0067937456
0.010289358
0.010578497
)


36
(
5.3792085e-35
1.3806951e-34
0.00026694629
0.00093917576
0.0024016302
0.00068374728
0.00028609869
0.00020249702
8.2094075e-05
4.0838361e-05
2.7791838e-05
0.0016393946
0.0048559842
0.0027064469
0.0010690387
0.00060036173
0.00014239653
0.00014726905
9.5117861e-05
8.0363743e-05
0.0014811858
0.0021045569
0.0025526592
0.0052720018
0.0038354333
0.0023765567
0.0011309281
0.00055431218
0.00027126233
0.0030810467
0.0094106551
0.0041877791
0.00067072929
0.00031234759
0.00021637247
0.00016798546
)


41
(
0.020487563
0.0032867499
0.00073763483
0.0046842371
0.0014020333
0.00056826729
0.00023200959
0.00011718219
4.7969648e-05
6.1806138e-05
2.9729047e-05
4.14303e-05
0.019166624
0.0011168892
0.0024966922
0.0002848404
0.0090551624
0.0052225668
0.0027931599
0.002173693
0.04064623
0.0060878774
0.0017616484
0.00086611027
0.00034958555
0.00025560303
7.3841453e-05
0.0055697552
0.0036216546
0.0044081849
0.0016652708
0.00058020848
0.00031851464
0.00019639996
0.0001727076
1.2061636e-34
1.1415435e-34
1.9199284e-33
1.8510905e-35
2.1849523e-34
7.1636395e-35
)


37
(
2.0775976e-34
0.00052868943
0.00034601491
0.00012771707
0.0025546891
0.0020678379
0.0012075834
0.00056980103
0.00031324387
0.00014265965
0.0001946036
9.5497482e-05
0.00013513077
0.0020701187
0.00023282439
0.003584716
0.00082264066
0.0022656744
0.0010616918
0.00049009427
0.00051058569
0.016916288
0.0099142508
0.0036128488
0.0022115393
0.0010009472
0.00078266916
0.00023714557
0.001614752
0.00096641127
0.0064883856
0.0038141825
0.00158293
0.00095757106
0.00061775941
0.00055881965
1.4600386e-33
)


12
(
6.22712e-35
0.038035659
0.056234029
0.071896185
0.033003156
0.021031164
0.008880132
0.011978968
0.023792508
0.012688915
0.0084359078
0.012818654
)


41
(
2.6544132e-35
9.830198e-35
5.6386312e-35
0.00091070818
0.0043548605
0.024050604
0.0094316117
0.0010807158
0.00038947697
0.00012454744
4.6366574e-05
2.5818299e-05
0.0048720055
0.020541202
0.04521207
0.0032525976
0.0012476455
0.00017946484
0.00015638824
9.1492373e-05
7.1953758e-05
0.0025819927
0.0046800654
0.0093668475
0.012101797
0.015376585
0.0043169883
0.0019217562
0.00069782113
0.00036558006
0.0045443515
0.014405839
0.006893833
0.00086647592
0.0003337587
0.00019260118
0.00016717676
2.9115577e-34
1.071196e-34
6.2012769e-34
1.1196763e-34
)


34
(
7.5261237e-05
0.00028309513
0.0010204919
0.0018704051
0.00088257461
0.0006384206
0.00025637224
0.00012218015
7.8752328e-05
0.00047676723
0.0020554526
0.0064083444
0.003087274
0.0018373289
0.00043219606
0.0004301833
0.00027112648
0.00022420799
0.00044184933
0.00065447273
0.00083314431
0.0019763719
0.0080402614
0.0061212344
0.0032467102
0.0016135779
0.00082021469
0.00099856858
0.0037996259
0.0086711506
0.0018655003
0.00089417371
0.00059647063
0.00047620083
)


36
(
1.2417706e-05
3.8794318e-05
8.6234147e-05
0.00071747314
0.00052138612
0.00054728498
0.00026344317
0.00015801418
0.00011797245
7.8383141e-05
0.0002022383
0.0021751571
0.0017500034
0.0014395102
0.00050900493
0.00057348553
0.00039078141
0.00034106379
8.6942221e-05
0.00010871189
0.00011011726
0.00026695024
0.0028285738
0.0039695905
0.0025997831
0.001751633
0.00089458045
0.00019173653
0.00058780932
0.0043957652
0.0017962994
0.0011304718
0.00088974186
0.0006474771
1.4805613e-33
1.5693206e-35
)


27
(
4.5607604e-37
1.9320318e-36
2.4031308e-35
0.0004943168
0.00083755249
0.00081796979
0.00053604424
0.00036726665
0.00024019962
0.00041698671
0.00022511061
0.00034444174
0.0014765344
0.0012518066
0.003282851
0.0042232348
0.0022878469
0.00227766
0.0014563937
0.0014858769
0.00055872482
0.0021878265
0.0030015634
0.0019654072
0.0016815025
0.0013177973
0.0013695606
)


26
(
6.6634396e-34
0.0020012813
0.0030390526
0.0023237113
0.0012307085
0.00071095474
0.00032863513
0.00043779341
0.00021262046
0.0002958188
0.0047517844
0.0018365267
0.010676233
0.010653075
0.0054963953
0.0043716529
0.002062931
0.001702398
0.00051553755
0.0051263071
0.0057379213
0.0029296407
0.001956995
0.0012997984
0.0011744464
2.0611251e-34
)


24
(
0.07135216
0.024486502
0.0059607968
0.001961532
0.00080023385
0.00023326352
0.00023399346
0.00010238652
0.00012981169
0.022781612
0.0014256912
0.077281304
0.021651594
0.0092276797
0.004869883
0.0014897333
0.00098628629
0.00024094751
0.0080076344
0.0061683127
0.0022277844
0.0011339061
0.00064015804
0.00050691593
)


27
(
0.04844643
0.049467994
0.0076448545
0.0013016047
0.00029176439
0.0001220792
0.036266674
0.024311102
0.014789021
0.0012904374
0.00085376305
0.00044215445
0.00031954295
0.019316917
0.0150236
0.010914221
0.0040205133
0.0027064528
0.012500495
0.0039604162
0.0016795594
0.00082436133
0.00080508071
5.5117438e-36
8.1606982e-36
1.2085688e-35
2.7507903e-34
)


23
(
0.0030968094
0.0029541457
0.003186443
0.0014298697
0.00062026737
0.00031620709
0.0073481574
0.0076476397
0.0071407896
0.0022352129
0.0019098431
0.0010966319
0.00083240373
0.0075038905
0.01144704
0.0096639328
0.0061254602
0.0038649249
0.0093764455
0.0054179557
0.003415126
0.0020632271
0.0018123897
)


26
(
0.0055388874
0.013355002
0.012609815
0.0078437141
0.0047178249
0.001606621
0.0014077114
0.00057617867
0.00066726341
0.015938769
0.0083939077
0.018289551
0.019628597
0.015214535
0.017118259
0.0066619479
0.0052602128
0.0012324136
0.0061306882
0.012204783
0.0072129149
0.0049203074
0.0029843879
0.0022756645
1.8784022e-35
7.9515521e-35
)


25
(
0.0013034968
0.0013024998
0.0016316118
0.00083118659
0.00048092138
0.00031526265
0.0033465694
0.0037301679
0.0038207991
0.0015582142
0.0016269175
0.0010511806
0.00086882573
0.0037645445
0.0070369292
0.0059629028
0.0045328149
0.0026061147
0.0057205197
0.004013492
0.0029369042
0.0021620444
0.0016725262
1.1807861e-34
1.7799546e-33
)


27
(
1.075908e-35
2.0269577e-35
1.1994193e-35
5.5545447e-35
0.0005152552
0.00055427564
0.00083801176
0.00050555015
0.00040415918
0.00034170252
0.0013927967
0.0016330445
0.001918401
0.001137127
0.0014407919
0.0010616653
0.00096439692
0.0016762523
0.0035937436
0.0031849438
0.003092826
0.0017443247
0.0029085763
0.002530983
0.0024218446
0.0023104453
0.0015333481
)


27
(
2.2167915e-34
6.6965087e-34
0.0013564319
0.0030015807
0.0033359531
0.0024072531
0.0017544041
0.0010642897
0.0014352135
0.00067767464
0.0008767792
0.0047772592
0.0051767629
0.0070127241
0.0096091029
0.0067750707
0.0082015983
0.0047775582
0.0048553654
0.001493969
0.0037917351
0.0075166981
0.0053338503
0.0046096065
0.0033702791
0.0029881969
6.961563e-35
)


25
(
5.3394711e-35
0.0059615236
0.011143744
0.016024913
0.0099375218
0.0048774395
0.0012204639
0.0090069646
0.016409445
0.022376115
0.014144519
0.0084557803
0.0039740706
0.0024629503
0.0066818367
0.014074063
0.018695608
0.015368362
0.015716929
0.0074392087
0.0091074799
0.0089971415
0.0048923822
0.0051227849
1.2301315e-34
)


26
(
4.0587624e-36
0.00057909885
0.0013564019
0.0016803879
0.0013385304
0.0010556288
0.00081869738
0.0014245038
0.00075106563
0.0010711479
0.0023056227
0.0038443019
0.0033367174
0.0052534676
0.0038023287
0.0051722369
0.0036975786
0.0044739106
0.00169276
0.0021538623
0.0048483269
0.0040428423
0.0042086328
0.0035650837
0.0036095008
2.3551131e-35
)


25
(
1.3732433e-35
0.0072432962
0.052972674
0.044839251
0.049453052
0.057458412
0.022956823
0.0041185331
0.0011585673
0.00092863418
0.016512486
0.02951261
0.0075774076
0.0095127377
0.011320309
0.023458888
0.0091802613
0.0094414357
0.0017309096
0.0020461955
0.0075308422
0.0059204598
0.0053723507
0.0034668437
0.0022922758
)


25
(
0.0019169091
0.024743901
0.095437263
0.079965102
0.032582408
0.001451256
0.0024680227
0.0087435587
0.024063282
0.037614322
0.01143731
0.0042715586
0.0021974596
0.0017525249
0.0054864708
0.011634412
0.013005936
0.021777467
0.0022116951
0.0053719313
0.0075112333
0.0037031129
0.0045501166
3.133149e-34
9.2662747e-36
)


25
(
7.4882001e-37
0.00029830353
0.00069041336
0.00087726896
0.00072294737
0.00058716923
0.00052001583
0.0010931548
0.00063729697
0.001017365
0.0012149228
0.002422463
0.001830396
0.0030253095
0.0021472239
0.0030267308
0.0024400275
0.0032990265
0.0014967675
0.0012928669
0.0029759089
0.0026946665
0.0031633535
0.0030118305
0.0035135683
)


26
(
1.0965946e-34
1.0039546e-34
0.0011634067
0.0021175053
0.004498634
0.0031474669
0.002119446
0.0011197867
0.0025497777
0.0044799445
0.0076651361
0.0061652501
0.0058770073
0.0035872532
0.0027316238
0.0025560196
0.0070756786
0.0092408182
0.010462848
0.0081081611
0.0040845843
0.0065768288
0.0077992962
0.0058522515
0.0047639357
7.0306721e-35
)


26
(
5.8095627e-34
0.00044461813
0.0016600596
0.0030304009
0.0034697872
0.0036882988
0.0039952201
0.0074098354
0.0041644288
0.0056883273
0.0026489145
0.014250148
0.0021455043
0.0041594835
0.0044956738
0.010180042
0.008524752
0.015498641
0.0070083498
0.0013031555
0.0053466747
0.0062157386
0.0093485688
0.010154457
0.011377392
1.4553865e-34
)


27
(
0.00037655779
0.00059238518
0.0013119713
0.0010625422
0.0013027545
0.0013175018
0.00092270294
0.001476661
0.0025268741
0.0029228716
0.0043118274
0.003577105
0.0034465019
0.001025089
0.0030142012
0.0036712059
0.0053277175
0.0036059359
0.0018619111
0.0032935743
0.0053679221
0.0068060537
0.0039402204
1.3686317e-34
8.693823e-34
1.2963293e-35
1.8714154e-35
)


24
(
0.0001443842
0.00034759777
0.00047161718
0.00042143604
0.00036792609
0.00040702597
0.0011092285
0.00074325495
0.0013645338
0.00062577085
0.0017998644
0.00091001064
0.0016047569
0.0011796153
0.0018502564
0.0017480925
0.0029440326
0.0017439517
0.0006832067
0.0017472264
0.0018199543
0.0026338099
0.0030500627
0.0043822747
)


28
(
5.6771929e-34
1.901231e-35
0.00023152588
0.00066544608
0.0010326377
0.001046365
0.0010113156
0.0012378995
0.0032013984
0.00207719
0.003482365
0.0011623013
0.0049831841
0.0013216245
0.0024857703
0.0021719834
0.0041033833
0.0039628783
0.0074548551
0.004223017
0.00092539235
0.0030266242
0.0034917468
0.0055012619
0.006523226
0.008723891
1.9870116e-34
2.91148e-35
)


25
(
0.00022132071
0.00092635305
0.0021011595
0.003451944
0.0060971849
0.019340906
0.033834075
0.020011103
0.017585287
0.0015388871
0.032958338
0.0010783637
0.0022749678
0.0028173564
0.009083268
0.009979399
0.031010863
0.014843347
0.00068053539
0.0035035909
0.0051344878
0.010689783
0.014405103
0.01557691
7.5080453e-35
)


24
(
1.1020367e-34
0.00034598482
0.00082379723
0.0029549894
0.0041482401
0.012011401
0.011645336
0.00076241387
0.0015920907
0.0041350346
0.014305718
0.021621501
0.019414383
0.017960278
0.00077266318
0.0027217328
0.0046313591
0.0095547684
0.010169472
0.0013626805
0.0041871517
0.012001006
0.018107344
0.010361146
)


25
(
1.0648139e-35
1.4100259e-35
0.00017741087
0.00024596414
0.00050464115
0.00039487962
0.00053636616
0.00075526434
0.00046160296
0.00067055762
0.0010503317
0.0011551347
0.0019789916
0.0018900253
0.002130182
0.000543985
0.0015400646
0.0016857
0.0024605354
0.0014855856
0.0010403869
0.0016150443
0.0026483429
0.0043356177
0.0020742138
)


27
(
1.1626692e-35
1.0216121e-34
7.8045111e-05
0.00020940126
0.00098404991
0.0027259599
0.062940669
0.10327233
0.00017120296
0.00037882302
0.001178303
0.012399929
0.021579841
0.024790785
0.033356377
0.00017352108
0.0006516182
0.0012265488
0.0032194877
0.0044725694
0.00031352463
0.0011903787
0.0051656014
0.012788457
0.0054616378
3.4913229e-35
2.8584251e-34
)


26
(
7.3063454e-36
4.925448e-35
0.00019096949
0.00033858684
0.0009057923
0.00090913501
0.0018440086
0.0029189567
0.00046446189
0.00080632248
0.0016287942
0.0031227398
0.0058834115
0.0061244604
0.0071175282
0.00051504111
0.0016840582
0.0022917046
0.0043172374
0.0032110995
0.00097305353
0.0022862928
0.0055561357
0.011027582
0.0048596041
7.6134284e-35
)


34
(
9.4312916e-05
0.00016983074
0.00048237241
0.00053552526
0.0016389921
0.0048793301
0.00023161315
0.00040556306
0.00085890644
0.0021576386
0.0051295234
0.0069224975
0.010558893
0.00025967426
0.00087620947
0.0012185916
0.002609445
0.0019948331
0.00050249913
0.0012947014
0.0039650808
0.012373428
0.0040038585
0.00011399951
0.00027110688
0.00044584934
0.00060327103
0.0015644022
0.00032498198
0.00068478057
0.0021616678
0.0030891996
0.00042925314
0.00067323189
)


37
(
3.9936486e-36
2.0079846e-35
6.5188267e-05
0.00015714439
0.00021778686
0.00020094421
0.00018071903
0.00022598098
0.00074936503
0.00056934319
0.0012296946
0.0002873602
0.00098097424
0.00042218894
0.00076528651
0.00056142405
0.00091663219
0.00095009563
0.0018382603
0.0013708432
0.00033104285
0.00087040947
0.00097473853
0.0016067551
0.002160118
0.0038627946
8.6676311e-05
3.8415534e-05
0.00014757146
2.8553581e-05
5.1363836e-05
0.00025657472
0.00020911852
0.00020639889
0.00021211295
0.00038697988
0.00023725352
)


36
(
8.1820981e-05
0.00021862705
0.00033139488
0.00033702067
0.0003303968
0.00050234681
0.0019693134
0.0016441201
0.0037391389
0.0003966279
0.002008725
0.00050430207
0.00096216186
0.00078608046
0.001478212
0.0016677343
0.0040002084
0.0034920484
0.00038445154
0.0012022544
0.0015069262
0.0028985288
0.0044558854
0.0086587303
0.00020836836
6.8230386e-05
0.00029022202
4.3545892e-05
7.2914613e-05
0.00053687832
0.00035705885
0.00030655212
0.00028122989
0.00068373007
0.00036667436
3.1246046e-35
)


38
(
5.0871422e-05
0.00015597461
0.00027018729
0.00032378275
0.00037449219
0.00089400269
0.0055731805
0.0065464685
0.019909935
0.00028080067
0.0029570249
0.00029572219
0.00060096049
0.0005668034
0.0013262588
0.0017360135
0.006674751
0.0085831289
0.00021836843
0.00085265072
0.001258787
0.0031513225
0.0063995276
0.01578785
0.0067654591
0.0010996957
0.0049230444
0.00043634148
0.00058376432
0.0075764753
0.0034671227
0.0024843105
0.0016459185
0.0048286172
0.0024234086
1.612689e-34
6.5593039e-35
6.6470337e-35
)


12
(
0.0015315389
0.029883697
0.043231137
0.066252458
0.00021979866
0.009487154
0.0018352885
0.0091630986
0.0087069261
0.010702562
2.9414084e-35
1.4591519e-33
)


14
(
1.2501124e-34
7.3333269e-35
0.0058820646
0.048860662
0.022954417
0.068651229
0.040357978
0.0061429848
0.01202897
0.029097536
0.01534043
0.0040091997
0.0055060918
1.9680787e-34
)


37
(
3.9548208e-05
6.9755964e-05
0.00019883301
0.00022797188
0.00097621831
0.0074277881
9.8513682e-05
0.00016995712
0.00035945863
0.0010211858
0.0029910229
0.0053636407
0.011762797
0.00011203773
0.00038032488
0.00052253591
0.0011887965
0.00089799079
0.00022074875
0.00057793452
0.0020120596
0.0095594663
0.0022713697
0.00036979426
0.0010671278
0.0015338303
0.0027707348
0.006479507
0.00096599079
0.0021138218
0.0069021971
0.0083716989
0.0011516971
0.0018291429
5.4728601e-34
8.7332532e-35
6.3949361e-35
)


38
(
1.728947e-34
7.6215015e-05
0.00011467059
0.00026800813
0.00024188351
0.00048375142
0.0011389833
0.00019768274
0.00030505611
0.00053734268
0.00084322555
0.0018227373
0.0022018469
0.0031368332
0.00023333093
0.00072245677
0.00085419092
0.0015432172
0.00096765876
0.00046340243
0.00090150356
0.0020482398
0.0054088658
0.00189199
4.9222572e-05
9.099824e-05
0.00017446117
0.00016407513
0.00041739039
0.00015032801
0.00028782016
0.00077756846
0.0011779167
0.00021882657
0.00031644434
6.598456e-35
4.7393702e-35
3.2023629e-35
)


37
(
4.0124972e-05
0.00010523445
0.00015869819
0.00016168874
0.00015914686
0.00025720248
0.0011902877
0.0011372757
0.0032334428
0.00019277104
0.0010281439
0.00025284089
0.00048457409
0.00038824857
0.00073000377
0.0008626723
0.0022689419
0.0024772789
0.00019782731
0.00061012567
0.00078569845
0.0016277782
0.0028173897
0.0069799106
0.00087760857
0.00029741414
0.0012370302
0.00018910657
0.00031309927
0.0021735217
0.001485084
0.0012964322
0.0011656874
0.0026362715
0.0014765825
1.2548952e-35
5.6762698e-34
)


36
(
9.4887317e-06
2.5285822e-05
3.8886472e-05
4.0651313e-05
4.0999491e-05
7.2370595e-05
0.00039292848
0.00042679224
0.0015023919
4.6463475e-05
0.00028335023
5.9722343e-05
0.00011616976
9.4669933e-05
0.00018452817
0.00022878471
0.00067881915
0.00091526452
4.7004822e-05
0.00015037768
0.00020236905
0.00045728765
0.00089176901
0.0027770421
0.0027856516
0.0013814316
0.0047554682
0.00095389205
0.0015173903
0.0062698195
0.0053981495
0.0055313307
0.0045806538
0.0065927508
0.0046919271
8.2810455e-35
)


15
(
0.0068967539
0.0041979448
0.011973007
0.0027809445
0.0038996224
0.01132723
0.01079623
0.012310057
0.0086323427
0.009070038
0.0074866252
6.6510706e-34
2.0689117e-33
2.7910081e-34
2.3570485e-34
)


14
(
0.0024959021
0.004549562
0.0080967336
0.0054742946
0.0084172963
0.0052183411
0.0087583147
0.016996003
0.013590847
0.0050666726
0.0063306693
2.1259065e-33
6.117827e-34
4.8842415e-34
)


37
(
1.7784634e-34
2.0893315e-34
4.1713763e-05
5.7565228e-05
0.00012416328
0.00010442573
0.00018507293
0.00041568158
0.00011165006
0.00016109152
0.00026123773
0.00034807373
0.00073343226
0.00086271296
0.0012236195
0.00013597519
0.00040181922
0.00043766512
0.00073662581
0.00042777263
0.00027526551
0.00046231572
0.00093167552
0.0023789435
0.00083819573
4.8040627e-05
7.4388184e-05
0.0001577723
0.0001172168
0.00028795845
0.00015180262
0.00026753273
0.00063374805
0.00095539718
0.00023329259
0.00031095148
7.541288e-36
)


36
(
6.4658912e-35
2.637174e-05
6.111636e-05
8.2870376e-05
7.5242958e-05
6.6917046e-05
8.4629412e-05
0.0003015724
0.00024227222
0.00057673312
0.00011298384
0.00037204274
0.00017672834
0.00031780569
0.00022332314
0.0003542228
0.00037509056
0.00073945542
0.00061014675
0.00014328067
0.0003561205
0.00039765762
0.00067095094
0.00094966555
0.0019278931
0.00015234028
8.0476564e-05
0.00028792289
6.5113816e-05
0.00012136965
0.00046839463
0.00042997371
0.00046725709
0.00050626599
0.00073657836
0.00050205864
)


37
(
1.234668e-33
4.4529043e-34
2.898431e-05
6.9589877e-05
9.7195628e-05
9.1008122e-05
8.306248e-05
0.00011145268
0.00042106107
0.00035049044
0.00086398111
0.00012832386
0.00047909906
0.00019083021
0.00034992212
0.00025523415
0.000424182
0.00046288269
0.00097819012
0.00086123707
0.00015324745
0.00040572773
0.00047195317
0.00084176232
0.0012534353
0.0026749796
0.0002406192
0.00011955169
0.0004371841
9.3384921e-05
0.00017071427
0.00071902098
0.00063280166
0.00066425097
0.00069680312
0.0010882919
0.00071954123
)


36
(
1.2856874e-33
2.1437686e-05
5.3590247e-05
7.7831287e-05
7.6257462e-05
7.2515694e-05
0.00010944591
0.00048648913
0.00045563127
0.0013148086
9.8818617e-05
0.00045306488
0.00013904653
0.00026159419
0.00019911668
0.00035331327
0.00040917546
0.0010006001
0.0010723458
0.00011125989
0.00031791127
0.00039450521
0.00078356906
0.0013214465
0.0033801697
0.00069009462
0.0003083429
0.0011613799
0.0002229642
0.00038842027
0.0018783203
0.001541419
0.001526926
0.001479184
0.0025194511
0.0016187251
)


39
(
1.7580029e-05
2.6797638e-05
6.5145473e-05
6.2332533e-05
0.00016134055
0.00075677548
4.5867442e-05
7.1369328e-05
0.00012986161
0.00024028571
0.00061869783
0.00094617814
0.0018840795
5.4544036e-05
0.0001731683
0.00020786107
0.00041244531
0.00026017571
0.00011035253
0.00022981771
0.00061957269
0.0026251477
0.00064862518
0.00050374516
0.0010452293
0.0018310296
0.0018264161
0.0038672719
0.001352691
0.0026002878
0.0066218162
0.0076610468
0.0016762889
0.0023878832
1.5594522e-34
2.205606e-34
1.4261434e-34
1.0489501e-34
1.2865057e-34
)


36
(
3.7913524e-34
9.4894468e-35
3.4781828e-05
4.9932958e-05
0.00011314985
0.00010033614
0.00020672995
0.00059558187
9.2238614e-05
0.00013715031
0.00023313458
0.00035539635
0.00081402775
0.00105976
0.0016914289
0.00011139781
0.00033940794
0.00038423393
0.00069445129
0.00041555619
0.00022594758
0.00041494286
0.000945433
0.0029590887
0.00090681853
9.6166763e-05
0.00016242978
0.00032734069
0.00027078953
0.00066646261
0.00029622766
0.00054202254
0.0013538629
0.0019927796
0.00043776614
0.00060478404
)


38
(
1.6881738e-35
9.3773622e-06
2.3080221e-05
3.3134221e-05
3.2083089e-05
3.0189042e-05
4.4711565e-05
0.00019753397
0.00018464385
0.00054033241
4.2679982e-05
0.00018728132
6.1463365e-05
0.00011509125
8.6140145e-05
0.00015018999
0.00017347314
0.00041632608
0.00044859702
4.9631689e-05
0.0001385407
0.00017041157
0.00033596482
0.00056645633
0.0014932234
0.0006738132
0.0003898442
0.0013187355
0.00031657733
0.00057218012
0.0019102046
0.0018517287
0.0020948553
0.0021240247
0.0026442775
0.0019703103
5.2074018e-34
4.2896925e-34
)


17
(
0.0011997872
0.00090220874
0.0026665287
0.00080090549
0.0014292502
0.0032068935
0.0036128163
0.0046639675
0.0045220235
0.0040351182
0.0035223419
1.5324776e-34
1.064844e-34
4.9615847e-34
6.4934831e-34
1.9682446e-34
3.0613737e-34
)


15
(
1.3473834e-34
2.1643844e-33
0.00069598732
0.00075664424
0.0018906729
0.00084132533
0.0016421638
0.0019664856
0.0027723778
0.0045701813
0.0049661672
0.0026169137
0.0028039563
5.1094515e-34
5.6275956e-34
)


38
(
7.1053479e-35
6.8213434e-06
9.9679865e-06
2.3220471e-05
2.1275248e-05
4.9291155e-05
0.00018977789
1.8060579e-05
2.7222537e-05
4.7477026e-05
7.9066067e-05
0.00019617243
0.00028404967
0.00052835838
2.1793143e-05
6.7723242e-05
7.8055126e-05
0.00014884296
8.9752023e-05
4.4502107e-05
8.6255892e-05
0.00021584598
0.00085757955
0.00022042929
0.00042058955
0.00061379852
0.0013243946
0.00085001229
0.0018224483
0.0012170037
0.0020281546
0.0042124612
0.005112681
0.0016558283
0.0020831733
2.7124088e-34
1.9663646e-34
2.2776661e-34
)


35
(
1.673249e-05
2.3729879e-05
5.342794e-05
4.7258037e-05
9.9279839e-05
0.00031879415
4.4675676e-05
6.5800742e-05
0.0001109791
0.00016905266
0.00039834608
0.0005391595
0.00091856709
5.4344477e-05
0.00016534782
0.0001850683
0.00033717035
0.00019852129
0.00011113259
0.0002021342
0.00046678929
0.0016144312
0.000457706
0.00017385504
0.0002638225
0.0005625726
0.00039524214
0.00091666516
0.00053103311
0.00091651015
0.0020567011
0.0028202135
0.00077745158
0.0010127591
7.9439512e-35
)


39
(
1.8622983e-35
2.0646931e-34
2.8256306e-34
1.8951959e-05
2.5476524e-05
5.4130583e-05
4.5247617e-05
8.2322195e-05
0.00020948857
5.1420487e-05
7.2584789e-05
0.00011552496
0.00015275057
0.00033405202
0.00041214486
0.00062785541
6.3532948e-05
0.00018597859
0.00019754752
0.00033371993
0.00018900967
0.00013040412
0.00021176136
0.00043000348
0.0012272899
0.00039698787
7.112128e-05
0.00010077827
0.00022412903
0.00014759056
0.00035037335
0.00022561239
0.0003790397
0.00083002326
0.0012061423
0.00034986245
0.00044365533
3.2772323e-35
6.8093209e-35
)


36
(
1.1530174e-33
1.3792164e-05
3.1353665e-05
4.2016889e-05
3.7793571e-05
3.3388845e-05
4.2180855e-05
0.00015398905
0.0001264541
0.00031418154
5.8201262e-05
0.00018655877
9.3828039e-05
0.00016765641
0.00011536826
0.00018003171
0.00019140172
0.00037803951
0.00032417376
7.7094331e-05
0.00018584903
0.00020613282
0.00034883906
0.00050221863
0.0010762374
0.00016806493
0.00010078364
0.00034108523
8.6443341e-05
0.00016450855
0.00052196671
0.00052130219
0.00060934182
0.00067870931
0.0008245293
0.00061148546
)


39
(
5.8632767e-35
4.239793e-34
1.2982337e-33
1.3938145e-34
7.1045547e-06
1.6658694e-05
2.2954795e-05
2.1275197e-05
1.9277829e-05
2.6043478e-05
0.00010362371
9.0192789e-05
0.00024212625
3.0912759e-05
0.00011284263
4.7729934e-05
8.7093028e-05
6.1896252e-05
0.00010104914
0.00011171357
0.00023965411
0.00022869373
3.9093993e-05
0.00010005234
0.00011620957
0.00021082715
0.00032671513
0.00077828262
0.00031943326
0.00021133706
0.0006805941
0.0001876699
0.00035717604
0.00096936629
0.001028755
0.0012685719
0.0013967236
0.0014652421
0.0011676583
)


12
(
1.8453106e-33
0.00046587287
0.00038295768
0.0011081522
0.00037394824
0.0007234653
0.0013798353
0.0016702672
0.0023381906
0.002586876
0.0019835976
0.0018193714
)


41
(
1.9984963e-06
2.780723e-06
6.1584476e-06
5.3715075e-06
1.1031951e-05
3.5347213e-05
5.3771703e-06
7.8009988e-06
1.2929625e-05
1.9070389e-05
4.4868584e-05
6.0658991e-05
0.00010404632
6.5927971e-06
1.9872058e-05
2.183408e-05
3.9302151e-05
2.2719639e-05
1.356278e-05
2.3910339e-05
5.4049599e-05
0.00018904969
5.2934576e-05
0.00026467691
0.00031215071
0.00075884856
0.00038526355
0.00082202298
0.00080698263
0.0012119625
0.0022090573
0.0027589916
0.0011882286
0.0013460044
1.521639e-36
4.4624253e-35
5.5927052e-35
4.7393702e-35
1.4088879e-34
2.3597034e-34
1.5442162e-34
)


35
(
8.0393169e-35
1.2715462e-05
1.714631e-05
3.6634595e-05
3.0814731e-05
5.7343508e-05
0.00015410483
3.4508741e-05
4.8844751e-05
7.8146248e-05
0.00010512439
0.00023417813
0.00029544899
0.00046422411
4.2658343e-05
0.00012557284
0.00013379611
0.00022908321
0.00012951799
8.7809815e-05
0.00014446458
0.00029966594
0.00090399454
0.00028083263
0.00010331706
0.00013790279
0.00031643768
0.00019131297
0.00044135405
0.00032630531
0.000530384
0.0010976236
0.0015390256
0.00050341299
0.0006175237
)


42
(
3.209579e-37
3.8314879e-37
6.9831273e-37
4.7501085e-37
1.6503541e-36
4.5850002e-34
1.4261453e-34
9.0426486e-06
1.983758e-05
2.5832556e-05
2.2575844e-05
1.9478948e-05
2.3328318e-05
8.0630387e-05
6.3986817e-05
0.00015315058
3.6926383e-05
0.00010524873
6.2690262e-05
0.00010975366
7.2727288e-05
0.00010850468
0.00011209942
0.0002077143
0.00016716175
5.2050681e-05
0.00011753763
0.00012519304
0.00020086854
0.00027547306
0.00056037097
9.4498673e-05
6.29867e-05
0.00020395707
5.7563362e-05
0.00011320671
0.00030215209
0.00032395284
0.00040634457
0.00047642126
0.00049517165
0.00039146296
)


42
(
7.0931246e-06
1.6035726e-05
2.1427245e-05
1.9232507e-05
1.6964265e-05
2.1464874e-05
7.9201779e-05
6.5582637e-05
0.00016558114
2.9819146e-05
9.5142139e-05
4.8514975e-05
8.6637027e-05
5.9237596e-05
9.2079031e-05
9.8279085e-05
0.00019463903
0.00016966449
4.0090643e-05
9.5889305e-05
0.0001063959
0.00018088557
0.00026276118
0.00057675804
0.00016764935
0.00011458602
0.0003656051
0.00010510133
0.00020527384
0.00052657896
0.00057263503
0.00072632872
0.00083715148
0.00083704152
0.00067615958
2.6418854e-36
8.5853507e-36
2.8967688e-35
2.5707432e-35
1.5600129e-34
7.9731292e-34
2.5416353e-33
)


23
(
0.00026508179
0.00026182646
0.00069702138
0.00028925638
0.00059484807
0.00081400652
0.0011059188
0.0017748986
0.0021398726
0.001220756
0.001248767
9.276314e-36
1.9915959e-35
2.2988902e-35
5.9924281e-36
3.777135e-36
3.0504897e-35
1.141949e-35
3.5421e-35
4.2669355e-34
3.6475443e-34
7.4706458e-35
6.2680864e-35
)


35
(
9.5937884e-36
4.2286432e-06
5.6290236e-06
1.1905536e-05
9.9417289e-06
1.8376936e-05
5.0166716e-05
1.1539364e-05
1.6156906e-05
2.5557786e-05
3.3828059e-05
7.5523097e-05
9.5714065e-05
0.00015210019
1.4346662e-05
4.1917129e-05
4.410127e-05
7.4939563e-05
4.1950887e-05
2.965293e-05
4.76841e-05
9.7760418e-05
0.00029886629
9.1705141e-05
0.00011408113
0.00013307284
0.00032727204
0.00016781396
0.00037146104
0.00036156529
0.00054413508
0.0010094742
0.0013505842
0.00056424341
0.00063820193
)


36
(
2.3076797e-06
5.1920025e-06
6.9172516e-06
6.1940987e-06
5.4544479e-06
6.8973348e-06
2.5583552e-05
2.129003e-05
5.4306541e-05
9.6642704e-06
3.0617784e-05
1.584361e-05
2.8244724e-05
1.9210265e-05
2.973725e-05
3.1762283e-05
6.2904799e-05
5.5318373e-05
1.3136134e-05
3.1171385e-05
3.4520255e-05
5.8708049e-05
8.5603854e-05
0.00019041846
0.00017425271
0.00013608369
0.00040778963
0.00013355611
0.00026699408
0.00054797161
0.00064833742
0.00089543139
0.0010605759
0.00086396537
0.00076231991
1.2220976e-33
)


12
(
0.00016158344
0.00014344793
0.00040409333
0.00015142806
0.00031135475
0.00050906047
0.00065202258
0.00098432509
0.0012062958
0.00079823872
0.00076525544
7.8820559e-34
)


34
(
6.450143e-06
8.3748392e-06
1.7243048e-05
1.4033046e-05
2.4334049e-05
6.0123666e-05
1.7735654e-05
2.4340938e-05
3.7481478e-05
4.6515529e-05
0.0001004162
0.00012214522
0.00018487061
2.2213534e-05
6.3727035e-05
6.543e-05
0.00010733669
5.9051544e-05
4.5993975e-05
7.0127881e-05
0.00013548581
0.00037961683
0.00012363039
7.5660038e-05
8.93698e-05
0.00021897059
0.00011468295
0.00025853465
0.00024308428
0.00037002386
0.00070013166
0.0009680263
0.00038691462
0.00044272112
)


34
(
9.9449187e-06
1.2673844e-05
2.5552589e-05
2.0383585e-05
3.3599175e-05
7.6609238e-05
2.7485176e-05
3.7151679e-05
5.6027547e-05
6.6109711e-05
0.00013857532
0.0001628625
0.00023670714
3.4590825e-05
9.769693e-05
9.8504624e-05
0.00015679389
8.537208e-05
7.1593621e-05
0.00010457259
0.00019237361
0.00049914378
0.0001713387
4.9882747e-05
6.1348668e-05
0.00014742223
8.1446038e-05
0.00018749642
0.00016139161
0.00025194224
0.00049552865
0.00070698071
0.00025921599
0.0003044798
)


38
(
5.7592183e-06
1.2605883e-05
1.6403282e-05
1.433387e-05
1.2369665e-05
1.4869467e-05
5.1889203e-05
4.1481768e-05
0.00010051223
2.3486762e-05
6.7090814e-05
4.003537e-05
7.0091056e-05
4.632117e-05
6.9061085e-05
7.1591458e-05
0.00013331389
0.00010875024
3.3341712e-05
7.5057512e-05
8.0063745e-05
0.00012908616
0.00017840433
0.00036912686
9.8699136e-05
7.0733668e-05
0.00022146635
6.7059368e-05
0.00013366912
0.00031624104
0.00035527091
0.00046675257
0.00055651953
0.00051687256
0.00042918837
8.0931996e-35
3.0198414e-35
8.3184784e-36
)


12
(
1.6121809e-35
0.00012127009
0.00012490174
0.00032753256
0.00014505424
0.00031119508
0.00038604956
0.00054137632
0.00091367635
0.0011830973
0.00060981018
0.00064101082
)


40
(
1.8065915e-35
1.7044201e-35
4.86366e-06
1.0434928e-05
1.3357668e-05
1.1482897e-05
9.7790808e-06
1.1395964e-05
3.8437884e-05
3.0082299e-05
7.108807e-05
1.9462968e-05
5.1961972e-05
3.414409e-05
5.9015052e-05
3.8194736e-05
5.5504042e-05
5.6482316e-05
0.00010134908
7.93747e-05
2.8556682e-05
6.1891239e-05
6.4398384e-05
0.00010045242
0.00013462434
0.00026843474
7.0317679e-05
5.2086415e-05
0.00016079509
5.049603e-05
0.00010194551
0.00022755684
0.00026134473
0.00035198727
0.0004283368
0.00037696929
0.00031939503
9.9640073e-37
1.7827776e-36
9.6474945e-35
)


37
(
1.5113765e-06
3.3087254e-06
4.3096928e-06
3.7713718e-06
3.2588082e-06
3.9392037e-06
1.3887772e-05
1.1183777e-05
2.7410417e-05
6.168672e-06
1.7760061e-05
1.0518912e-05
1.844073e-05
1.2185764e-05
1.8201773e-05
1.8951945e-05
3.5538111e-05
2.939371e-05
8.7782549e-06
1.9787884e-05
2.1182826e-05
3.4386525e-05
4.7937879e-05
0.00010082664
0.00010647387
8.719504e-05
0.00025618881
8.877474e-05
0.00018167432
0.00034146043
0.00041719857
0.0005992461
0.00073734963
0.00055331245
0.00050225829
1.0272849e-35
2.4621821e-33
)


35
(
6.4539247e-06
8.1127139e-06
1.6151917e-05
1.2750674e-05
2.0612569e-05
4.6213552e-05
1.7929052e-05
2.3958081e-05
3.5653185e-05
4.1024324e-05
8.5361388e-05
9.9521139e-05
0.0001437005
2.2682831e-05
6.3474862e-05
6.3141469e-05
9.9160002e-05
5.3473525e-05
4.7078377e-05
6.6924138e-05
0.00012045071
0.00030768316
0.00010656738
4.7429604e-05
5.4785407e-05
0.00013604596
6.9721511e-05
0.00015790353
0.00015417019
0.00023235012
0.00043509614
0.00061073785
0.00025012529
0.00028296711
7.0605622e-36
)


48
(
0.00025485101
0.00038987628
0.00039496769
0.00057462835
0.00046897901
0.00037181489
0.00029949697
0.0001503513
0.00037978003
0.00062597372
0.00067708305
0.00021838983
0.00044847683
0.0010660878
0.0010501845
0.00066494877
0.0011110718
0.00038765455
0.00026524667
0.00020685143
0.0013529542
0.0015479781
0.00048253355
0.0010801154
0.0056506884
0.0031434364
0.0044347971
0.0015790573
0.00070665203
0.00029683842
0.00097729783
0.0040511035
0.0065129501
0.00056931254
0.00014834213
0.00031414345
0.03383169
0.0019138692
0.11354971
0.0038531602
0.30879797
0.0058810138
0.00052555305
9.13438e-05
7.1203846e-30
9.5520843e-30
4.0001688e-32
1.1013957e-32
)


48
(
0.00031140305
0.00049567292
0.00053757335
0.00084114386
0.00073934861
0.00062427193
0.00051884335
0.0002651716
0.00043918746
0.0007246827
0.00089682961
0.0003967861
0.00048928936
0.0012433825
0.0017074449
0.0011983813
0.0014926313
0.00071988125
0.00051329381
0.00040677508
0.0013305851
0.0025954544
0.00045754549
0.0009666892
0.005153539
0.0037414166
0.0069866894
0.003313426
0.0014528381
0.00064791284
0.00078956966
0.0029090564
0.016381313
0.0013167053
0.00031944023
0.00026543834
0.030174191
0.0051593682
0.013958016
0.0019322911
0.34981948
0.021548076
0.0015147428
0.00021865888
5.4558791e-30
1.1369819e-29
1.1575261e-31
1.7433211e-32
)


44
(
0.00018002542
0.0002970043
0.00034650541
0.00058816565
0.00057360271
0.00053476231
0.00046995404
0.0002501283
0.00023849955
0.00038890894
0.00055264279
0.00038850374
0.00025104766
0.00066151043
0.0013486797
0.0011133633
0.00091666902
0.00071559906
0.00055969067
0.00046146732
0.00060210166
0.0020493576
0.00020698325
0.00041191281
0.0020419574
0.0019097306
0.0046487921
0.0037061173
0.0016948459
0.00089174669
0.00031305443
0.001018095
0.020831438
0.0019819353
0.0004364312
0.00010937377
0.010875484
0.010158896
0.0024120659
0.0005491834
0.34438273
0.091632802
0.0042044267
0.0003742562
)


47
(
0.00013601265
0.00011100147
3.1438132e-05
0.00024001923
0.00025204721
5.8698506e-05
0.00040333393
0.00026695012
0.00074380578
0.00086151637
0.0011939845
0.0011628636
0.00018116605
0.0029179457
0.0032474802
0.0024080446
0.021274244
0.015257171
0.0024097944
0.011257207
0.32603973
0.027771366
0.007592251
0.0029598386
0.046377216
0.0015578073
0.0023836472
0.00067379293
0.0012701767
0.00095905639
0.00033861683
0.00040455929
0.00034691484
0.00020341132
5.0474781e-05
0.0001318587
0.00015216763
0.00010808167
4.8840428e-05
8.5626354e-05
3.9173725e-05
4.8729829e-05
3.7829998e-05
1.333326e-05
2.7836222e-05
2.7155435e-05
8.1446402e-06
)


44
(
9.486739e-05
0.00016637361
0.00016525658
0.0002119303
0.00016626882
0.00024834819
0.00043342371
0.00051882214
0.00042605722
0.00074598283
0.0014800489
0.0019410903
0.0014885461
0.0038563347
0.047912587
0.010274759
0.0041517779
0.32685192
0.015979536
0.0062741644
0.0036892272
0.027423009
0.0087155467
0.0062823962
0.0020585159
0.0018590918
0.0013246678
0.00041415939
0.00095230119
0.00053318235
0.00021988804
0.00043798228
0.00023304089
0.00011063698
0.00014654743
3.5107181e-05
7.9869751e-05
0.00010714174
1.1484692e-05
6.3238232e-05
4.2681106e-05
3.7066822e-05
5.0917983e-05
3.5281455e-05
)


47
(
0.0001260217
9.8647676e-05
2.7502058e-05
0.00021432477
0.00020799907
4.7928402e-05
0.00035928102
0.00020529331
0.00055219623
0.00075761826
0.00091273537
0.00069278866
0.00011799536
0.0023954555
0.0019764487
0.0023271594
0.0047756758
0.0092621906
0.0030623013
0.012821003
0.083917284
0.05022037
0.012600386
0.0051995404
0.2543792
0.002704119
0.006674823
0.0012165922
0.0027380334
0.0030106474
0.00061220836
0.00081074196
0.00079774516
0.00040011014
0.00010087989
0.00022918635
0.00027401014
0.00020263812
9.0157114e-05
0.0001459905
6.8890642e-05
8.0176886e-05
6.4142906e-05
2.2498677e-05
4.5696328e-05
4.369626e-05
1.3372765e-05
)


44
(
5.3812877e-05
9.6871248e-05
0.00010117026
0.000122342
8.4196918e-05
0.00013205482
0.00024299815
0.00029996154
0.00018099311
0.0003668018
0.00080547282
0.00091997006
0.00088912534
0.0013752244
0.0046790083
0.0041320539
0.0025713815
0.28444097
0.012991527
0.0053432096
0.0033823411
0.043688543
0.095882616
0.0097453368
0.0027599764
0.0037726169
0.0015652264
0.0009470648
0.0014389941
0.0008182754
0.00033054815
0.00056162528
0.00027408898
0.00014373279
0.00017930471
4.3723213e-05
9.653746e-05
0.00012275052
1.3619223e-05
7.2676972e-05
4.8422396e-05
4.1017679e-05
5.5304046e-05
3.7797872e-05
)


47
(
0.00013139345
0.00010017055
2.7658805e-05
0.00021766842
0.00020088348
4.6055277e-05
0.00036256156
0.00018975563
0.00049651729
0.00074606571
0.00082339963
0.00054938901
9.8622944e-05
0.0021870407
0.0015463741
0.0023623535
0.0023823513
0.0066571906
0.0036808641
0.012065424
0.025142335
0.058360809
0.017235758
0.007927984
0.26501147
0.0042288863
0.0149966
0.0020315817
0.0052293834
0.0084046378
0.0010442601
0.0015125202
0.0017007943
0.00074262616
0.00019094255
0.00038247866
0.00047102497
0.00036221483
0.00015929914
0.0002407891
0.00011683402
0.00012850041
0.00010548797
3.6892008e-05
7.3183875e-05
6.8843365e-05
2.1437959e-05
)


47
(
8.7409371e-05
6.5431348e-05
1.794879e-05
0.00014209695
0.00012675451
2.8965999e-05
0.00023525872
0.00011635179
0.00029878431
0.00047396493
0.00049459371
0.00030721943
5.6804793e-05
0.0013121191
0.00085238302
0.001517741
0.0010685512
0.0034509077
0.0026500215
0.0070202384
0.0090893524
0.03988142
0.013663704
0.006937735
0.32109658
0.0038285663
0.018863913
0.0019944015
0.0058213263
0.015169106
0.0010584949
0.0016898501
0.0022391173
0.00083121674
0.00021928807
0.00038151359
0.00048452212
0.0003898797
0.00016945294
0.00023793981
0.00011896131
0.00012337222
0.00010401807
3.6292184e-05
7.0256151e-05
6.5015842e-05
2.060975e-05
)


45
(
4.8388929e-05
8.907009e-05
9.7021509e-05
0.00011122459
6.833289e-05
0.00011155618
0.00021369101
0.00026971204
0.00012567813
0.00028741427
0.00066994389
0.00067889608
0.00079043827
0.00080807772
0.0013999125
0.0024814084
0.0022407706
0.036493362
0.011633523
0.0055567156
0.0042453992
0.052156555
0.30701987
0.017188177
0.0050746059
0.011234535
0.0026660287
0.0036948289
0.0031959087
0.0019294897
0.00078220154
0.0010897312
0.00049079637
0.00029008173
0.00033731464
8.4557563e-05
0.00018044531
0.00021652233
2.504048e-05
0.0001289123
8.5023497e-05
7.0110883e-05
9.2567869e-05
6.2474394e-05
1.9559276e-33
)


51
(
5.5230723e-05
4.0842312e-05
1.115529e-05
8.8623488e-05
7.7278061e-05
1.7624753e-05
0.00014601288
6.9598e-05
0.00017635494
0.00028930498
0.00029100362
0.00017288007
3.2595499e-05
0.00076749144
0.00047342363
0.000928307
0.00051781858
0.0018202008
0.0017420351
0.0038910361
0.0035577964
0.023015335
0.0095543898
0.0052496134
0.35795038
0.0029834544
0.019238964
0.0016705833
0.0053982386
0.02570705
0.00091336375
0.0015894765
0.0024848063
0.010472414
0.00078498112
0.00021220007
0.00032554239
0.00042429213
0.00035571888
0.00015298501
0.00020168667
0.00010342295
0.00010213286
8.8030779e-05
3.0662842e-05
5.8170856e-05
5.3124196e-05
1.7086724e-05
1.2073836e-33
2.3644577e-31
1.2649715e-34
)


44
(
3.2572983e-05
6.0733652e-05
6.7771725e-05
7.5239656e-05
4.3367233e-05
7.2319987e-05
0.000141445
0.00018055109
7.3390103e-05
0.00017842676
0.0004256127
0.00040493997
0.00051859029
0.00043407242
0.0005931572
0.0013203171
0.0014291792
0.0082326495
0.0069169949
0.0037507295
0.0033935054
0.042855563
0.34085125
0.015934051
0.0054455286
0.020896759
0.0027641573
0.01356165
0.0042502062
0.0028382839
0.0011883034
0.0013031474
0.00054692976
0.00036776195
0.00039632776
0.00010265307
0.00021147971
0.00023981237
2.8938997e-05
0.00014367368
9.407361e-05
7.5603035e-05
9.784121e-05
6.5347205e-05
)


48
(
3.6253331e-05
2.620009e-05
7.1000451e-06
5.6608109e-05
4.7266589e-05
1.0755073e-05
9.2034e-05
4.1061578e-05
0.00010102222
0.00017455275
0.00016443774
9.089706e-05
1.7779818e-05
0.00042039214
0.00024014812
0.00054702032
0.00020914766
0.00081791533
0.0011241342
0.0017746297
0.0010232493
0.0077332022
0.0057187832
0.0040170751
0.14110794
0.0026070127
0.020562066
0.0018234764
0.0065196041
0.080458169
0.0011268918
0.0023844728
0.0058527376
0.20161534
0.0012517187
0.0003695725
0.00040622118
0.0005617215
0.00052971823
0.00022355783
0.0002513979
0.00013785681
0.00012068516
0.00010990016
3.8257217e-05
6.8994326e-05
6.1082369e-05
2.0378814e-05
)


51
(
5.7527938e-05
4.0781517e-05
1.0981601e-05
8.7567964e-05
7.0468474e-05
1.6021859e-05
0.00014023317
5.9376355e-05
0.00014195449
0.00025363809
0.00022705559
0.000119259
2.4056169e-05
0.00055691718
0.00030302408
0.00076097136
0.00022209458
0.00091955548
0.0016083773
0.0019484212
0.00084597635
0.0055844374
0.0063559456
0.0057606306
0.020864217
0.0045167713
0.03143073
0.0040956129
0.01389618
0.11600254
0.0030798079
0.0077041273
0.030070677
0.0047742308
0.0016537539
0.0011930337
0.0017490229
0.0019406105
0.00081401361
0.00075640773
0.00045207266
0.0003437867
0.0003342141
0.00011695338
0.00019843343
0.00016980252
5.9213796e-05
9.8182841e-34
3.1235169e-35
1.342628e-31
5.3539757e-34
)


44
(
1.8669231e-05
3.5504506e-05
4.108883e-05
4.3311148e-05
2.2641979e-05
3.8934226e-05
7.8292066e-05
0.00010134623
3.3775603e-05
8.9565566e-05
0.00021703625
0.00018885585
0.00027439407
0.0001762717
0.00018026189
0.00051365532
0.0006997771
0.001506457
0.0024494232
0.0017715573
0.0022146274
0.017170578
0.11337348
0.0087589348
0.0054502992
0.049393821
0.0030649495
0.25561618
0.0070373391
0.0070911494
0.0041539085
0.002127519
0.0007912812
0.00077706879
0.00066659862
0.00019414679
0.00036267533
0.0003561695
4.8518069e-05
0.00021825641
0.00014195245
0.00010702015
0.00013165391
8.6236259e-05
)


49
(
3.8562659e-05
2.708941e-05
7.2730027e-06
5.7976588e-05
4.5855913e-05
1.0422706e-05
9.2121834e-05
3.8095189e-05
8.9838409e-05
0.00016273124
0.00014243877
7.322972e-05
1.4971393e-05
0.00034222774
0.00018258475
0.00047690845
0.00012463331
0.00052646048
0.0010129977
0.0011039909
0.00043186111
0.0026666731
0.003501319
0.0035434891
0.00684743
0.0030720982
0.020608583
0.0032017136
0.010519103
0.080044414
0.0027299276
0.007503933
0.04120918
0.28044814
0.0053218672
0.0020956594
0.0011181795
0.0016985306
0.0021204378
0.00088771081
0.00072467925
0.00045905817
0.0003182934
0.00032286837
0.00011354683
0.0001850725
0.00015503954
5.563212e-05
3.0218045e-33
)


45
(
1.410391e-05
2.7269207e-05
3.2504288e-05
3.2726268e-05
1.5769446e-05
2.7771233e-05
5.6920716e-05
7.4296179e-05
2.1171876e-05
6.0037981e-05
0.00014481106
0.0001178521
0.0001865949
9.9626674e-05
8.3362473e-05
0.00027496576
0.00043389867
0.00052349218
0.0010370521
0.00096448998
0.0015550361
0.0035683055
0.0041938839
0.0038433358
0.0045777606
0.039771784
0.0035843053
0.34832532
0.0092516086
0.017532508
0.026249048
0.0041601848
0.0014760219
0.0030271019
0.0015949481
0.00062079886
0.00096718903
0.00075273858
0.00012910719
0.00048712798
0.00032183224
0.00021960424
0.00024930464
0.00016057251
4.7121397e-35
)


49
(
4.2622043e-05
2.9667365e-05
7.9419302e-06
6.3229637e-05
4.9135303e-05
1.1168745e-05
9.9559683e-05
4.0232628e-05
9.345921e-05
0.0001712061
0.0001466474
7.3915981e-05
1.5323349e-05
0.00034381981
0.00018040772
0.00048695722
0.00011481109
0.0004924257
0.0010245682
0.0010153103
0.0003619326
0.0020413737
0.0029944239
0.0033405291
0.0036279691
0.0032417733
0.018607579
0.0038854522
0.011657069
0.04649669
0.0038975065
0.011280792
0.082845578
0.28409953
0.010001751
0.0048764077
0.0017595248
0.0027676683
0.0040447077
0.0017171581
0.0011901623
0.00081461118
0.00050357987
0.00053884031
0.00019145357
0.00029642591
0.00024218139
9.0129168e-05
4.277072e-32
)


46
(
0.00079365116
0.001219641
0.0012507072
0.001841163
0.0015295608
0.001231664
0.0010012421
0.0005065385
0.0011630338
0.0018990296
0.0021132111
0.00073663244
0.0013542124
0.0032015671
0.003400916
0.0022043689
0.0034339253
0.0013022243
0.00090342256
0.0007081266
0.0038693838
0.0049382984
0.0014011809
0.0030395473
0.014744089
0.0090585693
0.01333815
0.0052308534
0.0023973955
0.0010286842
0.0026805792
0.01018071
0.02002923
0.001969261
0.00051525903
0.00088337182
0.067009701
0.0065421124
0.059127228
0.0083976513
0.1491369
0.017511642
0.0018530953
0.0003209272
5.3167262e-30
8.2592078e-30
)


44
(
0.000524065
0.00086584722
0.0010182286
0.0017400022
0.001723274
0.0016300252
0.0014468213
0.00077830343
0.00068434057
0.0011043732
0.0015989173
0.001203763
0.0007127942
0.0018565734
0.0039854078
0.0033473547
0.0026147638
0.0021894971
0.0017408031
0.0014439752
0.0016356814
0.0058733105
0.00057206211
0.001113536
0.0051705257
0.0051164843
0.012404447
0.010643304
0.0051406523
0.0027729819
0.000835285
0.0025727942
0.047315012
0.0059956165
0.0013700594
0.00029616292
0.023635226
0.027027386
0.0048055629
0.0013172959
0.13255168
0.10297629
0.011142717
0.0011548871
)


44
(
0.00020025842
0.00034754341
0.00033835919
0.00044267398
0.00036501445
0.00053424825
0.00090888696
0.0010709979
0.0009962027
0.0016401209
0.0030539571
0.0042055444
0.0029361403
0.0093838281
0.14119507
0.021641294
0.007737854
0.15041752
0.023309319
0.0099025536
0.0061305888
0.025470515
0.0068983256
0.0084644259
0.0031008869
0.0025184655
0.0021188333
0.00055851458
0.0014238422
0.00080495062
0.00033672299
0.00069837099
0.0003834539
0.00017745437
0.00023891313
5.7142486e-05
0.00013109747
0.00017870727
1.8996397e-05
0.00010550623
7.1600807e-05
6.2656287e-05
8.6510719e-05
6.025337e-05
)


51
(
0.00027552002
0.00021599821
6.0270573e-05
0.00046802066
0.0004548346
0.00010504301
0.00078225066
0.00044932393
0.0012023585
0.0016307748
0.0019689354
0.0015095882
0.00025831693
0.005043861
0.0042382663
0.0048802239
0.0098363658
0.01857142
0.0062441393
0.023186418
0.090303015
0.069324044
0.023195608
0.01022252
0.091713928
0.0055037468
0.012319048
0.002533241
0.005531434
0.0057847321
0.001294852
0.0017011992
0.001661122
0.0013399774
0.00084772807
0.00021440375
0.00049005039
0.00058441468
0.00043218263
0.00019283124
0.00031344535
0.00014785982
0.00017261972
0.00013795846
4.8437789e-05
9.8474617e-05
9.4266423e-05
2.8836683e-05
3.4245788e-35
2.0555723e-32
9.8565819e-36
)


47
(
0.00019581774
0.00035023682
0.00036111009
0.0004421899
0.00031209267
0.00048499638
0.00087964274
0.0010752108
0.00068169054
0.001356289
0.0028765941
0.0033537957
0.0030869692
0.0050809366
0.013924041
0.01429165
0.0085337244
0.13821818
0.033254343
0.015130232
0.0098533136
0.063609647
0.033500601
0.020386264
0.0068025956
0.00720913
0.004219239
0.0016940625
0.0033883664
0.0019321206
0.00079631595
0.0014772942
0.00075839717
0.00037849801
0.00048696065
0.00011806629
0.00026468164
0.0003457972
3.7777871e-05
0.0002047089
0.00013742447
0.00011787578
0.00016029489
0.00011036869
2.3295318e-33
8.1555839e-35
5.2371442e-35
)


47
(
0.00013872067
0.00025366994
0.0002728429
0.00031730582
0.00020086702
0.00032445147
0.00061339991
0.00076791834
0.00038206456
0.00084899381
0.0019294317
0.0020146565
0.002222147
0.0025143863
0.0047064648
0.0074948468
0.0061856182
0.074091531
0.027361243
0.01365652
0.010199815
0.076433266
0.081243359
0.030736437
0.010257608
0.016499197
0.0058236214
0.004643214
0.0060313767
0.0036057062
0.0014841015
0.0022930168
0.0010837486
0.00060687801
0.00072941115
0.00018144685
0.00039337145
0.00048497606
5.5174934e-05
0.00028859951
0.00019155687
0.00015994571
0.00021301562
0.00014473075
5.5052721e-35
4.1943414e-35
1.6687455e-31
)


51
(
0.00011982132
8.7140081e-05
2.3668057e-05
0.00018826903
0.00015895383
3.6219685e-05
0.00030677437
0.00013931917
0.00034458239
0.00058580763
0.00056129449
0.00031621796
6.1431629e-05
0.0014356408
0.00083934273
0.00182862
0.00076346567
0.0028994712
0.0036015091
0.0060966665
0.003844692
0.02483771
0.01710029
0.011595927
0.11151896
0.0074659514
0.045086534
0.0049570036
0.01613408
0.084286897
0.0030072489
0.0058615254
0.011900813
0.03934836
0.0030760043
0.00088953393
0.001097831
0.0014844217
0.0013480537
0.0005756598
0.00068353912
0.00036720103
0.00033472548
0.00029946378
0.00010440162
0.0001913738
0.00017121896
5.6482816e-05
1.4341793e-31
1.0014685e-31
5.588743e-34
)


45
(
5.8945086e-05
0.00011111564
0.00012651719
0.00013645231
7.4415552e-05
0.00012629677
0.00025084344
0.00032262376
0.00011695995
0.00029918845
0.00071940033
0.0006498436
0.00089443837
0.00064078437
0.00072740535
0.0018943061
0.0023500866
0.0069463973
0.0092024189
0.0059842055
0.0064961401
0.051913393
0.13645196
0.026563046
0.012748695
0.06133196
0.0068816538
0.052501827
0.012424518
0.0097323274
0.0045301539
0.0038662789
0.0015515201
0.001206541
0.0011947367
0.00032467555
0.00064383885
0.00068900258
8.7439762e-05
0.00041714254
0.00027242384
0.00021327865
0.0002700652
0.00017893588
7.7217763e-35
)


44
(
6.769104e-05
0.00012908454
0.00015007762
0.00015683497
8.0679534e-05
0.00013938821
0.00028089421
0.00036365231
0.00011729215
0.0003158308
0.00075998141
0.00065194729
0.00096045746
0.00059328389
0.00056746589
0.0016879573
0.0023704069
0.0041143248
0.0070391358
0.0055934973
0.0073686214
0.027783278
0.037144027
0.022668457
0.01683666
0.082985382
0.010554622
0.081797873
0.020956152
0.020713504
0.011878634
0.0074819025
0.002926744
0.0027811941
0.0024498359
0.00072116722
0.0013581704
0.0013489339
0.00018417485
0.00083188993
0.00054448556
0.00041218459
0.00050678974
0.0003333159
)


45
(
5.5391411e-05
0.0001065464
0.0001258123
0.00012840449
6.3322328e-05
0.0001107726
0.00022556485
0.00029341588
8.7239943e-05
0.00024320714
0.00058502647
0.0004846263
0.0007477561
0.00041911307
0.00036311035
0.0011635845
0.0017666576
0.0023305224
0.0044207975
0.0039528769
0.0059386905
0.014281816
0.015172932
0.015133725
0.015277219
0.081499964
0.011025148
0.10277846
0.023859877
0.030574364
0.023298314
0.009885375
0.0037653826
0.0046520425
0.0034883766
0.0011421164
0.0020106156
0.0018203065
0.00027233359
0.0011479424
0.00075474528
0.00054838116
0.00065145001
0.0004250382
4.4127967e-35
)


44
(
4.4289748e-05
8.5785609e-05
0.00010255132
0.00010264981
4.8943794e-05
8.644612e-05
0.00017737537
0.00023147907
6.4620351e-05
0.00018499412
0.00044362034
0.00035796557
0.00057105382
0.00029819178
0.00024047703
0.00081029555
0.0012984358
0.0014183222
0.0028257916
0.0027512815
0.0045428171
0.0074536654
0.0065731029
0.0097044531
0.012395314
0.063491157
0.010464052
0.11645472
0.023350487
0.039271672
0.043027072
0.011859431
0.0044973385
0.0078007502
0.0046885223
0.0017890029
0.002884623
0.0023351815
0.0003933681
0.0015189087
0.0010099986
0.00069894062
0.00079732932
0.00051681759
)


44
(
0.0015964907
0.0023833139
0.0023666262
0.0033465819
0.002726851
0.0021623992
0.0017535225
0.00089440509
0.0023308771
0.0036605902
0.0038987056
0.0012599998
0.0027415183
0.0058863791
0.005695602
0.0035716705
0.0060065641
0.0021362368
0.0014859234
0.0011649888
0.0071212937
0.0075837684
0.0028369903
0.0058012239
0.021732785
0.014127891
0.01816772
0.0071492838
0.0036215266
0.001562873
0.0051568133
0.016321047
0.019348219
0.0027833643
0.0008025767
0.001781552
0.056870947
0.0076407511
0.036110221
0.011880975
0.051872966
0.01199682
0.0022200235
0.00046015761
)


46
(
0.0012084548
0.0018852441
0.0019986449
0.0030377422
0.0026351138
0.0022026308
0.0018298663
0.00094271429
0.0017001877
0.0027313362
0.0032715576
0.0013755735
0.0019080401
0.0045311347
0.0057821606
0.0039571857
0.0052275527
0.0024098461
0.0017261967
0.0013691601
0.0048800117
0.0081448656
0.0017914941
0.0036547484
0.016069132
0.01200771
0.019549031
0.0093609838
0.0045348285
0.0020422345
0.0030197431
0.0099440787
0.030549756
0.0038794377
0.0010292465
0.0010422417
0.056177801
0.012364272
0.023719158
0.0063406593
0.079693411
0.024765346
0.0037450384
0.00065529113
3.2779161e-32
1.2379098e-31
)


44
(
0.00070957595
0.0011407716
0.0012676994
0.0020335706
0.0018535775
0.0016180371
0.0013713651
0.00071227576
0.0009727618
0.0015847592
0.0020643072
0.0010716129
0.0010581747
0.002682973
0.0042440004
0.0031334265
0.0033903579
0.0019343128
0.0014225288
0.0011410319
0.0026656551
0.0063035996
0.00093280707
0.0018945004
0.0092213809
0.0076368533
0.015315171
0.0087774205
0.0040229945
0.0018867709
0.0014962795
0.0050065455
0.038356686
0.0038487315
0.00093344366
0.00051703252
0.042704602
0.014996873
0.012685601
0.0029269519
0.15828627
0.049566235
0.0047674369
0.00066376236
)


44
(
0.0009644134
0.0015656525
0.0017918015
0.0029598074
0.0028376398
0.0026001331
0.0022729063
0.001214863
0.0012715988
0.0020278132
0.0028095183
0.0018299797
0.0013417544
0.0033556173
0.0063314873
0.0050090265
0.0044940396
0.0032417021
0.0025114933
0.0020567085
0.0030484544
0.0089164861
0.0010991967
0.0021219248
0.0091551146
0.0087430769
0.018505122
0.013656124
0.0069250744
0.0035460218
0.0016153408
0.0048212268
0.045170519
0.0071042468
0.0017791138
0.0005770084
0.033891526
0.025341554
0.0080772458
0.0024949073
0.069068073
0.052395282
0.009253014
0.00131655
)


48
(
0.00044977381
0.00037359908
0.00010663949
0.00079840912
0.00086048088
0.00020286577
0.0013274533
0.00093030067
0.0025515766
0.0027233012
0.0039086156
0.0041327177
0.00065265264
0.0086232953
0.010643517
0.0068358226
0.06922561
0.037885437
0.006001462
0.022520178
0.13242473
0.034388167
0.014719416
0.006395375
0.018193671
0.0035845254
0.0043133576
0.0015925186
0.002718967
0.001752341
0.00082238888
0.00093506008
0.00075624788
0.00046093116
0.00048066107
0.00011913363
0.00033136563
0.00037569698
0.00026288484
0.00012004563
0.0002184434
9.8691583e-05
0.00012668657
9.702995e-05
3.4327822e-05
7.2564108e-05
7.1489188e-05
2.1256968e-05
)


44
(
0.0003981348
0.00068575662
0.0006577582
0.00087100601
0.00073800223
0.0010682951
0.0017816728
0.0020710479
0.0020242959
0.0032787514
0.0057840386
0.0080832465
0.0053709631
0.017445035
0.062994397
0.035619223
0.013200011
0.10510065
0.031225867
0.014612909
0.009679005
0.024787459
0.0064259245
0.011131053
0.0045192097
0.0033482071
0.0032756086
0.00074259558
0.0020712406
0.0011838912
0.00050236274
0.0010813508
0.00061261942
0.00027682565
0.00037851299
9.045326e-05
0.00020919702
0.00028965559
3.0553716e-05
0.00017109207
0.00011677874
0.00010294659
0.00014282663
9.9999578e-05
)


48
(
0.00058639547
0.00046492167
0.00013042145
0.00099498897
0.00097774892
0.00022831406
0.0016436181
0.00097035408
0.0025330317
0.0032730394
0.0039944981
0.0031107177
0.00055184185
0.0093241495
0.0081809026
0.0087929076
0.013011346
0.027863581
0.0096885976
0.028199315
0.046558002
0.046313227
0.025310251
0.012635791
0.028662563
0.0074347474
0.01049386
0.0035241721
0.0064175116
0.0046391501
0.0018707004
0.0022387557
0.0019285726
0.0012248481
0.0011560101
0.00029080405
0.00074777811
0.00086451348
0.00062064503
0.00028208639
0.0004898197
0.00022598648
0.00027832954
0.00021744195
7.6796114e-05
0.00015942279
0.00015505915
4.6764728e-05
)


44
(
0.00037259968
0.00066706955
0.00068830031
0.00083479029
0.00057623073
0.00090181797
0.0016275688
0.0019758878
0.0011747354
0.002430224
0.004970369
0.0056001234
0.0052514807
0.007615784
0.012460398
0.019105671
0.013051532
0.057590467
0.033560641
0.019244935
0.014620003
0.036784482
0.014173383
0.021709469
0.0093622917
0.0083095329
0.0065336072
0.0019647276
0.0047714982
0.002814491
0.0012014809
0.0023589308
0.0012754716
0.00061920784
0.00081252205
0.00019803918
0.00044844333
0.00059738577
6.4885279e-05
0.0003548384
0.00024038838
0.00020807842
0.00028420925
0.00019715677
)


48
(
0.000391038
0.00030072717
8.3356659e-05
0.00064900901
0.00060575088
0.00013977371
0.0010747163
0.0005764236
0.0014935845
0.0021609866
0.00242595
0.0016635919
0.00030173259
0.0060944143
0.0045296096
0.0063901667
0.0063303192
0.017071703
0.0088245525
0.024461979
0.033361611
0.060356563
0.030003884
0.01537645
0.057347941
0.0088720461
0.019069562
0.0043555026
0.0094278399
0.0096595076
0.0023073912
0.0030752159
0.0030582469
0.0023623614
0.0015572607
0.00039844598
0.00088347617
0.0010602034
0.00079427863
0.00035497312
0.00056669905
0.0002700309
0.00031008998
0.00024996964
8.7818355e-05
0.0001771403
0.00016872839
5.1956886e-05
)


44
(
0.0002385391
0.000435254
0.00046589359
0.00054270534
0.00034420093
0.00055541266
0.0010424761
0.0012969776
0.00064323042
0.0014385146
0.0031847066
0.0033141405
0.0036059729
0.0040200217
0.0061528496
0.011240711
0.0094815621
0.046408368
0.031428084
0.018089142
0.014372394
0.054201551
0.033338945
0.031449844
0.012648693
0.01568435
0.0079327058
0.004102239
0.0072025002
0.0043418727
0.0018310712
0.0030937503
0.0015410226
0.00082445735
0.0010203187
0.00025318722
0.00055676009
0.0007038668
7.9079734e-05
0.00041937773
0.00028054337
0.00023697756
0.00031786366
0.00021754624
)


48
(
0.00025284951
0.00018859603
5.168958e-05
0.00040775164
0.00036018786
8.2487929e-05
0.00067070909
0.00032744406
0.00082858286
0.001319309
0.0013544631
0.00082578703
0.00015568181
0.003477684
0.0022340159
0.0040726267
0.002441535
0.0081979475
0.0068918851
0.015263098
0.013811996
0.053273202
0.028493484
0.016408476
0.093228856
0.0098107827
0.033874969
0.0053593635
0.013972728
0.024430859
0.0029553486
0.0045365817
0.0056137333
0.0022969946
0.00060926112
0.0010993122
0.0013822483
0.0011056269
0.00048552799
0.00069374288
0.00034583197
0.00036292944
0.00030481334
0.00010664393
0.00020718326
0.00019235021
6.0881793e-05
1.4707974e-32
)


45
(
0.00017100875
0.00031978054
0.00035839974
0.00039305712
0.00022117935
0.00037143405
0.00072598672
0.00092362646
0.00035610206
0.00088997375
0.0020710238
0.0019237156
0.0024978069
0.0019539504
0.0022155821
0.0055399506
0.0063350728
0.016953164
0.019754609
0.013636218
0.013840396
0.044184042
0.036958534
0.035312112
0.018203035
0.032088097
0.011482498
0.010677967
0.01345539
0.0092200391
0.0041310677
0.0055427217
0.0025720518
0.0016222849
0.0018287217
0.0004787782
0.0010058915
0.0011791437
0.00014116023
0.00071206697
0.00047274374
0.0003855176
0.00050174043
0.00033879667
1.4045274e-31
)


49
(
0.00024576906
0.00017936824
4.879587e-05
0.00038610637
0.00032709648
7.4759282e-05
0.00062713685
0.0002870359
0.00070547526
0.0011828133
0.0011386297
0.00064502376
0.00012621597
0.002841189
0.0016861239
0.0035711306
0.0014655702
0.0055180424
0.0065537716
0.010711373
0.0062836188
0.030832861
0.024684051
0.017444986
0.054257698
0.011762184
0.042186593
0.0075302447
0.020068422
0.039917596
0.0045555868
0.0076117102
0.010927982
0.011905846
0.004036864
0.0011233916
0.0017311872
0.0022432007
0.0019042396
0.00083400546
0.0010968791
0.00056859345
0.00055762277
0.0004838355
0.00016939884
0.00031940805
0.00029110117
9.4273779e-05
6.246305e-34
)


44
(
0.00010713029
0.00020062275
0.00022561279
0.00024723068
0.00013897616
0.00023356276
0.0004589044
0.0005865227
0.00022617913
0.00056362935
0.0013368905
0.001241971
0.0016335098
0.0012749329
0.0015476223
0.0037547606
0.0043138657
0.015216279
0.016619177
0.010453416
0.010407804
0.060248229
0.082512402
0.036486725
0.016427041
0.045536635
0.0092436437
0.019778696
0.013343902
0.0093978805
0.0041606907
0.0046340103
0.0019915193
0.001364477
0.001459064
0.00038493645
0.00078967357
0.00089044555
0.00010880183
0.00053678012
0.00035285357
0.00028279128
0.00036425421
0.00024360161
)


48
(
0.00015469749
0.00011067914
2.9901305e-05
0.00023773174
0.00019435998
4.4277423e-05
0.00038225541
0.00016578375
0.00039934837
0.00069929253
0.00063992714
0.00034376751
6.8793786e-05
0.0015739005
0.00087966005
0.002094897
0.00067404992
0.0027140947
0.0042059902
0.0055602515
0.0026168402
0.015314007
0.015779938
0.013277412
0.035100821
0.0100035
0.048245769
0.0079773786
0.023747321
0.078027332
0.0055444303
0.011484469
0.026429861
0.037391354
0.0066787403
0.0020966753
0.0021468061
0.0029819021
0.002929176
0.0012590507
0.0013627714
0.00076727968
0.00064994474
0.00060275313
0.00021103546
0.00037413899
0.00032856717
0.00011119989
)


51
(
0.00011529878
8.0886989e-05
2.1710848e-05
0.00017270568
0.00013610194
3.0965547e-05
0.00027346953
0.00011267396
0.00026414032
0.0004777773
0.00041651514
0.00021344089
4.388123e-05
0.00098726125
0.0005269185
0.0013748534
0.00034994428
0.0014778637
0.0028422089
0.0030259813
0.0011488657
0.006447845
0.0087256452
0.0090280535
0.011564483
0.0081562982
0.039206131
0.0084922864
0.024175242
0.067117742
0.0074303673
0.018016945
0.061077048
0.063850792
0.013104446
0.0050803813
0.0031833744
0.0047180813
0.0056414712
0.0024380273
0.0021000822
0.0013158176
0.000939982
0.00094421978
0.00033351367
0.00054847946
0.00046244391
0.00016528637
1.3566361e-34
1.1856468e-35
9.8815456e-34
)


47
(
0.0016739414
0.0025689559
0.0026875563
0.0040087601
0.0034788764
0.0029146714
0.0024376685
0.0012729886
0.0023239016
0.003619231
0.0042800745
0.001816171
0.0026026006
0.0057889308
0.0072559104
0.0049387606
0.0065523252
0.0030720424
0.0022337801
0.001780807
0.0061089318
0.0094973687
0.0023974839
0.0046579734
0.017075079
0.013517596
0.020345249
0.010285687
0.0054810844
0.0025282936
0.0038396662
0.011093612
0.025293886
0.004527954
0.0013021321
0.0013738749
0.042613475
0.01229512
0.017182169
0.006550409
0.038120753
0.016333942
0.0038812288
0.00078503449
6.1304099e-33
1.2663747e-32
7.2169409e-30
)


45
(
0.0011923137
0.0019221888
0.0021944578
0.003606272
0.0034940885
0.0032445741
0.0028734518
0.0015633687
0.0015533773
0.0024336533
0.0033705176
0.0023225856
0.0016314037
0.0039452261
0.007515379
0.0060109376
0.0052464047
0.0039989006
0.0031825534
0.0026347604
0.0035346222
0.0099981704
0.0013170181
0.0024823214
0.0097973283
0.0095569323
0.019049218
0.014886129
0.008309055
0.0044667214
0.0018872072
0.0053209782
0.037765993
0.0085095719
0.0022883786
0.00068492315
0.030155587
0.025848747
0.0076901367
0.0026984211
0.039871008
0.035640419
0.010165233
0.0016565535
4.9675048e-30
)


47
(
0.00088588404
0.00072605918
0.00020649278
0.001531447
0.0015861905
0.00037689416
0.0025046805
0.001641467
0.0042435658
0.0048072866
0.0063392029
0.005625908
0.0010029317
0.013145178
0.013621279
0.011273864
0.018720474
0.036233842
0.0099730791
0.026963044
0.034214438
0.028742577
0.019845055
0.010293783
0.012250599
0.0063132204
0.0065327015
0.0029812656
0.0047471426
0.0027574941
0.0016079224
0.0017774643
0.0013924532
0.00093775283
0.0002338032
0.00066988364
0.00075230567
0.00052451093
0.00024171277
0.00044754761
0.00020156253
0.00026228136
0.00019993256
7.0969242e-05
0.00015068722
0.00014908813
4.4233284e-05
)


44
(
0.00057697571
0.0010043954
0.00098204364
0.0012605274
0.00098763342
0.0014730842
0.0024985426
0.002919598
0.0022867215
0.0041906096
0.0074913261
0.0094458101
0.0071416354
0.015012123
0.022258901
0.030275543
0.016167475
0.053603817
0.030751563
0.017500912
0.013236487
0.021750229
0.0063914239
0.014019124
0.0064693521
0.0046539003
0.0049374294
0.0010574814
0.0030840849
0.0018055901
0.00078010363
0.001692597
0.00097742584
0.00044141014
0.00060507996
0.00014557469
0.00033716498
0.00046857073
4.9538628e-05
0.00027756831
0.00019023109
0.00016799494
0.00023298263
0.00016357741
)


48
(
0.00048947694
0.00037303894
0.00010312573
0.0007999916
0.00073075393
0.00016903146
0.0013115534
0.00068126774
0.0017210899
0.0025416344
0.002748802
0.0017972473
0.00033804605
0.0066291958
0.0047153136
0.0072036359
0.0051372033
0.015472627
0.0099391391
0.02192319
0.019145046
0.041565347
0.028577635
0.016831927
0.032752059
0.010556054
0.019469966
0.0055383782
0.011278458
0.010312456
0.0030710674
0.00403776
0.0039495425
0.002761161
0.0021009044
0.00054334575
0.0012094658
0.0014468404
0.0010886962
0.0004901204
0.00078372186
0.00037472433
0.00043023208
0.00034737258
0.00012233298
0.00024641523
0.00023471961
7.2431124e-05
)


44
(
0.00025613247
0.00047305297
0.00051774855
0.00058389154
0.00034669039
0.00057184468
0.0010925772
0.0013705159
0.0005880507
0.0014072853
0.0031493675
0.0030660524
0.0036535254
0.0032990522
0.0038386898
0.0089370478
0.009065046
0.023301984
0.024380801
0.016847333
0.015803929
0.03653582
0.021300332
0.030972275
0.015701924
0.019621187
0.010516567
0.0055089618
0.0099427153
0.006383179
0.0028023104
0.0045180004
0.0022524452
0.0012613251
0.0015246738
0.00038714854
0.00084144238
0.0010440328
0.00011982972
0.00062657314
0.00041973097
0.00035145484
0.00046692876
0.00031905694
)


48
(
0.00036417234
0.00026874852
7.3426298e-05
0.00057671086
0.00049718988
0.00011413781
0.0009368033
0.00044199921
0.001088179
0.0017636545
0.001743483
0.0010191208
0.00019878304
0.0042596526
0.0026439604
0.005151566
0.0023423231
0.0084032086
0.0085167644
0.014648204
0.0090486552
0.032146448
0.026537552
0.018367481
0.033695456
0.012508575
0.02962068
0.0075494401
0.017027654
0.019777286
0.0045006446
0.0066230337
0.0076304247
0.005760892
0.003540493
0.00095688079
0.0017673672
0.0022024481
0.0017679678
0.00078894244
0.0011375478
0.00056957036
0.0005996901
0.00050439537
0.00017728921
0.00034397757
0.00031960679
0.00010146835
)


48
(
0.00025686647
0.00018471141
5.0006979e-05
0.00039552021
0.00032550475
7.4375507e-05
0.00063481435
0.00027877077
0.00066937976
0.0011526656
0.0010653191
0.00057873036
0.00011616708
0.0025723741
0.0014664129
0.0033598443
0.0011080243
0.0043803782
0.0062788021
0.0084317337
0.0039686714
0.018896074
0.019762462
0.01647635
0.02634738
0.012653414
0.038388804
0.0094144693
0.023117005
0.035480981
0.0063928342
0.010977407
0.016460631
0.013182316
0.0063206281
0.0018632039
0.0025695994
0.0033849591
0.0030259103
0.0013402852
0.0016588411
0.00089040829
0.00082911696
0.00073893679
0.00025981434
0.00047789344
0.00042959438
0.00014193587
)


46
(
0.00013642446
0.00025866144
0.0002973855
0.00031473523
0.00016562114
0.00028406657
0.00056649772
0.00072833944
0.00024525249
0.0006498504
0.0015351485
0.0013424258
0.0019042836
0.0012464437
0.0011996421
0.0034754676
0.0046285354
0.0080175193
0.012468432
0.010002098
0.012269156
0.029283149
0.024163496
0.029799198
0.020762718
0.045626467
0.013991245
0.019395371
0.019603724
0.015860323
0.0079153667
0.0083282201
0.0036827551
0.002758852
0.0028184606
0.00078600516
0.0015765148
0.0017200139
0.00021976771
0.0010544849
0.00069815695
0.00055089041
0.00069690064
0.00046589426
4.3972249e-35
1.9010825e-31
)


48
(
0.00019257809
0.00013620895
3.6667903e-05
0.00029073465
0.00023219685
5.2942714e-05
0.00046176184
0.0001941452
0.00045741322
0.00081292348
0.00072146096
0.00037632157
7.7002044e-05
0.0017086126
0.00093234346
0.0023272829
0.00063586917
0.0026300648
0.0045796717
0.0052120629
0.0020852673
0.010666971
0.013447747
0.012989612
0.01582391
0.011212359
0.038808122
0.010146743
0.025511627
0.044498933
0.0079988526
0.015705893
0.031110575
0.024582614
0.010181656
0.0033816587
0.0033849465
0.0046910746
0.0047493572
0.0021031794
0.0022226904
0.0012842169
0.0010582529
0.00099901281
0.00035258617
0.00061470005
0.00053583153
0.0001841574
)


44
(
8.563574e-05
0.00016551143
0.0001970024
0.00019801097
9.5090409e-05
0.00016755808
0.00034227895
0.00044522946
0.00012594637
0.00035902534
0.00085264562
0.00069224694
0.0010881849
0.00057927565
0.00046443703
0.0015553538
0.0024439745
0.0026400433
0.0050536007
0.004939861
0.0078525895
0.010682733
0.0079921614
0.015001024
0.017661279
0.046185188
0.015366746
0.032213961
0.026103264
0.033204642
0.025229731
0.014754564
0.0063087173
0.0078422134
0.0059181775
0.0020950994
0.0036580149
0.0032934867
0.00051569884
0.0021341137
0.00143191
0.001035537
0.0012131089
0.00079841834
)


50
(
0.0001512144
0.00010534681
2.8219547e-05
0.00022368329
0.00017369442
3.957048e-05
0.00035072103
0.00014198327
0.00032750654
0.00059490461
0.00050988852
0.0002574484
5.3705802e-05
0.0011723892
0.0006202712
0.0016449019
0.00038418629
0.0016346425
0.0032701753
0.0032357197
0.0011345261
0.0055885367
0.0081921316
0.0090360292
0.0071887015
0.0089870862
0.029875328
0.010016628
0.023441748
0.033061196
0.0098277903
0.020969442
0.052733566
0.03684011
0.017331071
0.0072354225
0.004721371
0.006878519
0.0083469498
0.0038092435
0.0032726402
0.0021018925
0.0014790744
0.0015066332
0.00053887129
0.00087385135
0.00073408685
0.00026612747
1.6034065e-33
3.4332959e-32
)


45
(
0.00011092373
0.00021199566
0.0002473136
0.00025632795
0.00012990439
0.00022535356
0.00045427099
0.00058729684
0.00018392331
0.00050236934
0.0011936782
0.0010116422
0.0015016893
0.00089946643
0.00080625755
0.0024834778
0.0035570261
0.0051565929
0.0088784155
0.0076428094
0.010422885
0.022371656
0.019640377
0.024422708
0.020449245
0.052854958
0.014703288
0.027515593
0.023006227
0.021489064
0.011989382
0.010322123
0.0044456204
0.0038753302
0.0036272741
0.0010770343
0.0020741614
0.0021306691
0.00028879497
0.0013259566
0.0008787442
0.00067448987
0.0008328362
0.00055307122
2.5508196e-31
)

0()
0()
0()
0()
0()
0()
7(5.0597431e-33 1.2794203e-32 8.3638947e-35 4.96265e-35 4.1043263e-35 5.0581922e-35 4.1884567e-35)
1(3.5091767e-33)
0()
1(3.8933548e-34)
1(1.5718592e-32)
0()
3(3.5548334e-33 6.462951e-34 2.1738333e-34)
0()
0()
1(8.3178673e-34)
0()
4(7.998534e-33 1.2218487e-33 5.8665102e-33 1.8321308e-33)
1(8.5489192e-34)
0()
0()
1(5.9758469e-34)
0()
3(6.4222763e-35 3.4278751e-33 5.9989005e-33)
2(5.9276097e-35 1.4862251e-30)
4(4.9023897e-35 9.6944265e-34 1.4254902e-33 1.6882374e-32)
3(6.7969458e-35 7.6997946e-33 1.38788e-31)
6(4.9343463e-35 3.2160821e-34 2.1082053e-33 1.4658658e-30 1.6651109e-32 1.2167715e-31)
0()

41
(
0.00063599726
0.00042653869
0.00097604128
0.043708427
0.02894595
0.0020290027
0.0002791438
0.0042148306
0.014038218
0.033848542
0.011921217
0.00026485556
0.00072161186
0.0011967639
0.0032961098
0.0031285226
0.00039985128
0.0033247362
0.0053990425
0.0031777316
0.0021361522
0.00081894872
0.00039678188
0.00098848717
0.0016686185
0.0024948718
0.0015009967
0.00050706924
0.00048244059
0.00084707042
0.0013149452
0.0011363081
0.00095380429
0.0013713331
0.00042907206
0.00025203914
0.00045193815
0.00067815513
0.00037194351
0.00054357711
0.00025587023
)


42
(
0.00133662
0.0001670629
0.00028244206
0.0062784955
0.21248706
0.0051743292
0.00045604932
0.001262281
0.0061521897
0.018207365
0.019203384
0.00036242615
0.00033687864
0.00052547137
0.0013014939
0.0057366071
0.00059683502
0.001699902
0.0035878534
0.0030529715
0.0027549562
0.0010982378
0.00049686032
0.00052384057
0.00097559085
0.0018123695
0.0015643832
0.00059811328
0.00028417255
0.0005116399
0.0011477741
0.0011713505
0.00065826531
0.0010758595
0.00044788818
0.00027392894
0.00028622461
0.00061724697
0.00024347371
0.00039339158
0.00026118624
6.3959385e-34
)


41
(
0.0020547839
0.00059991007
0.001123033
0.026274074
0.093314694
0.0069522525
0.00081731267
0.0049077828
0.019797221
0.048542734
0.031946895
0.00071854992
0.0011266548
0.0017962564
0.004582401
0.009393978
0.0011243441
0.0053752807
0.0099125306
0.007131125
0.005556699
0.0021891412
0.0010329425
0.0016572293
0.0029369115
0.0049023692
0.0035550406
0.0012829484
0.00086016679
0.0015260039
0.0028562724
0.0026928797
0.0018439183
0.0028330457
0.0010258296
0.00061532759
0.00083772054
0.001513058
0.00070260464
0.0010804484
0.0006062918
)


46
(
0.0033656173
0.00014051368
0.00020397813
0.0028189956
0.33783631
0.015202584
0.00093047868
0.00090820917
0.0048071139
0.013648583
0.02614696
0.00064623474
0.00030843386
0.00046446711
0.0010649474
0.011343005
0.0011259144
0.0015620592
0.0036040747
0.0038413143
0.0043171677
0.0018617985
0.00082339994
0.00050842333
0.0009803283
0.0020025912
0.0021848499
0.00093894393
0.00029387611
0.00053103831
0.0014348639
0.0016715153
0.00073104395
0.001285146
0.00065037306
0.00041151683
0.00030706132
0.00081115856
0.00026709742
0.00045321841
0.00037612921
7.2375093e-34
2.3295203e-36
9.18133e-37
1.0581897e-37
4.3284114e-37
)


41
(
0.0083962851
0.0002431655
0.00032857725
0.0036282061
0.19106182
0.034201955
0.0022771552
0.0014465979
0.0073564618
0.018412141
0.038676944
0.0015272733
0.00055307689
0.00081683536
0.0017847666
0.023105726
0.0026658505
0.0027160448
0.0061873869
0.0072130488
0.0089046207
0.0041540016
0.0018804848
0.00093082688
0.0017949226
0.00372722
0.0044847076
0.0020838615
0.00055600258
0.00099778676
0.0028387054
0.0035594431
0.0014059435
0.0025420736
0.0014104865
0.00091137498
0.00058882094
0.0016741508
0.0005187607
0.00089227389
0.00081949935
)


41
(
0.0018372315
0.0012794526
0.0025483824
0.049600658
0.030633017
0.0053709088
0.00086388499
0.010577806
0.032017878
0.056334092
0.025256771
0.00084807064
0.0022482942
0.0036238658
0.0090910701
0.0085129356
0.0012481059
0.0095510232
0.014623434
0.0090982733
0.0062635125
0.002534798
0.0012754621
0.0031109216
0.0051311789
0.0074879061
0.0046374602
0.0016228251
0.0015631335
0.0026960843
0.0040917395
0.003649399
0.0030394159
0.00437792
0.0013969243
0.00082632505
0.0014673584
0.0021876142
0.0012197047
0.0017664886
0.00084279701
)


42
(
0.0034565114
0.0009310753
0.0015132494
0.020266158
0.053557555
0.010493616
0.0014767916
0.0064530438
0.024612991
0.047940402
0.037848431
0.0013344787
0.0018427445
0.0028476075
0.0066611319
0.014611141
0.0020390372
0.0082666459
0.014709324
0.011452561
0.0093198534
0.003906079
0.001913248
0.0027740724
0.0048620921
0.0080928424
0.0062185218
0.0023551575
0.0014963536
0.0026177602
0.0049634689
0.0049036935
0.0032108139
0.0050066019
0.0018985748
0.001151736
0.0014718366
0.0027391064
0.0012507212
0.0019270601
0.0011340899
2.1076612e-36
)


43
(
0.0067892383
0.00057180137
0.0008083893
0.0090355294
0.080610951
0.02132012
0.0024824593
0.0035051686
0.01569259
0.034012232
0.045700363
0.0019669662
0.0012460189
0.0018599027
0.0041057344
0.023151832
0.0031690421
0.0058190426
0.011815384
0.011747059
0.012044519
0.0054540666
0.0026068879
0.0020175985
0.0037305411
0.0070492118
0.0070526198
0.0030326934
0.0011678644
0.0020660017
0.0049565687
0.0056605329
0.0027592552
0.0047028865
0.0022352352
0.0014095037
0.0012031844
0.0028763885
0.0010481399
0.0017222777
0.0013214031
2.7186508e-34
1.3418971e-34
)


43
(
0.0098482754
0.00059646798
0.00075276573
0.0060762855
0.04313775
0.026248109
0.0038171587
0.003199067
0.013190905
0.024209502
0.037093815
0.0030098603
0.001370344
0.0019803878
0.0040371713
0.027188076
0.0047347245
0.0059887916
0.01162806
0.012956842
0.014838307
0.0075912514
0.0038451454
0.0022810757
0.0041691676
0.0079162294
0.0089407922
0.0043162145
0.0013898605
0.0024170389
0.006065654
0.0076871596
0.0033172901
0.0058500812
0.0031369875
0.0020412075
0.0014561564
0.0037805741
0.0012946721
0.0021510651
0.0018827257
5.2464743e-37
2.7595328e-34
)


43
(
0.0022469547
0.001786796
0.0030050359
0.029269766
0.018511613
0.0059291071
0.0011643735
0.011879495
0.031173131
0.041766965
0.022706199
0.0012067851
0.0032736816
0.0050786955
0.011290873
0.0097680042
0.0017078284
0.012242026
0.017037166
0.011210729
0.0078907374
0.003436144
0.0018313787
0.0045501802
0.0071814954
0.0099669656
0.0063225496
0.0023181858
0.0023719333
0.0039681968
0.0056817904
0.0052732378
0.0044371555
0.0063563454
0.0020587679
0.0012288758
0.0022206377
0.0031996213
0.0018708846
0.002650435
0.0012660663
9.9286931e-38
2.0914278e-34
)


44
(
0.0038060043
0.0011831042
0.001740481
0.015865248
0.027457044
0.010170035
0.0018185001
0.0071860349
0.023960108
0.037233483
0.030640439
0.0017371823
0.0024098815
0.0036264878
0.0078346295
0.015027745
0.0025481567
0.0098515517
0.016061879
0.012972971
0.010721399
0.0048342366
0.0025081315
0.0036444534
0.0061808044
0.0098731219
0.0077350388
0.0030711512
0.0020251684
0.0034619371
0.0062771355
0.0064415848
0.0042283344
0.0065811968
0.0025441707
0.0015589366
0.001991434
0.0036323947
0.0017119574
0.0025983495
0.0015468869
4.3861236e-37
2.4154148e-34
2.258742e-34
)

)


// ************************************************************************* //
